/*--------------------------------*- C++ -*----------------------------------*\
  =========                 |
  \\      /  F ield         | OpenFOAM: The Open Source CFD Toolbox
   \\    /   O peration     | Website:  https://openfoam.org
    \\  /    A nd           | Version:  6
     \\/     M anipulation  |
\*---------------------------------------------------------------------------*/
FoamFile
{
    version     2.0;
    format      ascii;
    class       labelList;
    note        "nPoints: 10302 nCells: 5000 nFaces: 20150 nInternalFaces: 9850";
    location    "constant/polyMesh";
    object      neighbour;
}
// * * * * * * * * * * * * * * * * * * * * * * * * * * * * * * * * * * * * * //


9850
(
1
22
2
23
3
24
4
25
5
26
6
27
7
28
8
29
9
30
10
31
11
32
12
33
13
34
14
35
15
36
16
37
17
38
18
39
19
40
20
41
21
42
43
4400
23
44
24
45
25
46
26
47
27
48
28
49
29
50
30
51
31
52
32
53
33
54
34
55
35
56
36
57
37
58
38
59
39
60
40
61
41
62
42
63
43
64
65
4406
45
66
46
67
47
68
48
69
49
70
50
71
51
72
52
73
53
74
54
75
55
76
56
77
57
78
58
79
59
80
60
81
61
82
62
83
63
84
64
85
65
86
87
4412
67
88
68
89
69
90
70
91
71
92
72
93
73
94
74
95
75
96
76
97
77
98
78
99
79
100
80
101
81
102
82
103
83
104
84
105
85
106
86
107
87
108
109
4418
89
110
90
111
91
112
92
113
93
114
94
115
95
116
96
117
97
118
98
119
99
120
100
121
101
122
102
123
103
124
104
125
105
126
106
127
107
128
108
129
109
130
131
4424
111
132
112
133
113
134
114
135
115
136
116
137
117
138
118
139
119
140
120
141
121
142
122
143
123
144
124
145
125
146
126
147
127
148
128
149
129
150
130
151
131
152
153
4430
133
154
134
155
135
156
136
157
137
158
138
159
139
160
140
161
141
162
142
163
143
164
144
165
145
166
146
167
147
168
148
169
149
170
150
171
151
172
152
173
153
174
175
4436
155
176
156
177
157
178
158
179
159
180
160
181
161
182
162
183
163
184
164
185
165
186
166
187
167
188
168
189
169
190
170
191
171
192
172
193
173
194
174
195
175
196
197
4442
177
198
178
199
179
200
180
201
181
202
182
203
183
204
184
205
185
206
186
207
187
208
188
209
189
210
190
211
191
212
192
213
193
214
194
215
195
216
196
217
197
218
219
4448
199
220
200
221
201
222
202
223
203
224
204
225
205
226
206
227
207
228
208
229
209
230
210
231
211
232
212
233
213
234
214
235
215
236
216
237
217
238
218
239
219
240
241
4454
221
242
222
243
223
244
224
245
225
246
226
247
227
248
228
249
229
250
230
251
231
252
232
253
233
254
234
255
235
256
236
257
237
258
238
259
239
260
240
261
241
262
263
4460
243
264
244
265
245
266
246
267
247
268
248
269
249
270
250
271
251
272
252
273
253
274
254
275
255
276
256
277
257
278
258
279
259
280
260
281
261
282
262
283
263
284
285
4466
265
286
266
287
267
288
268
289
269
290
270
291
271
292
272
293
273
294
274
295
275
296
276
297
277
298
278
299
279
300
280
301
281
302
282
303
283
304
284
305
285
306
307
4472
287
308
288
309
289
310
290
311
291
312
292
313
293
314
294
315
295
316
296
317
297
318
298
319
299
320
300
321
301
322
302
323
303
324
304
325
305
326
306
327
307
328
329
4478
309
330
310
331
311
332
312
333
313
334
314
335
315
336
316
337
317
338
318
339
319
340
320
341
321
342
322
343
323
344
324
345
325
346
326
347
327
348
328
349
329
350
351
4484
331
352
332
353
333
354
334
355
335
356
336
357
337
358
338
359
339
360
340
361
341
362
342
363
343
364
344
365
345
366
346
367
347
368
348
369
349
370
350
371
351
372
373
4490
353
374
354
375
355
376
356
377
357
378
358
379
359
380
360
381
361
382
362
383
363
384
364
385
365
386
366
387
367
388
368
389
369
390
370
391
371
392
372
393
373
394
395
4496
375
396
376
397
377
398
378
399
379
400
380
401
381
402
382
403
383
404
384
405
385
406
386
407
387
408
388
409
389
410
390
411
391
412
392
413
393
414
394
415
395
416
417
4502
397
418
398
419
399
420
400
421
401
422
402
423
403
424
404
425
405
426
406
427
407
428
408
429
409
430
410
431
411
432
412
433
413
434
414
435
415
436
416
437
417
438
439
4508
419
440
420
441
421
442
422
443
423
444
424
445
425
446
426
447
427
448
428
449
429
450
430
451
431
452
432
453
433
454
434
455
435
456
436
457
437
458
438
459
439
460
461
4514
441
462
442
463
443
464
444
465
445
466
446
467
447
468
448
469
449
470
450
471
451
472
452
473
453
474
454
475
455
476
456
477
457
478
458
479
459
480
460
481
461
482
483
4520
463
484
464
485
465
486
466
487
467
488
468
489
469
490
470
491
471
492
472
493
473
494
474
495
475
496
476
497
477
498
478
499
479
500
480
501
481
502
482
503
483
504
505
4526
485
506
486
507
487
508
488
509
489
510
490
511
491
512
492
513
493
514
494
515
495
516
496
517
497
518
498
519
499
520
500
521
501
522
502
523
503
524
504
525
505
526
527
4532
507
528
508
529
509
530
510
531
511
532
512
533
513
534
514
535
515
536
516
537
517
538
518
539
519
540
520
541
521
542
522
543
523
544
524
545
525
546
526
547
527
548
549
4538
529
550
530
551
531
552
532
553
533
554
534
555
535
556
536
557
537
558
538
559
539
560
540
561
541
562
542
563
543
564
544
565
545
566
546
567
547
568
548
569
549
570
571
4544
551
572
552
573
553
574
554
575
555
576
556
577
557
578
558
579
559
580
560
581
561
582
562
583
563
584
564
585
565
586
566
587
567
588
568
589
569
590
570
591
571
592
593
4550
573
594
574
595
575
596
576
597
577
598
578
599
579
600
580
601
581
602
582
603
583
604
584
605
585
606
586
607
587
608
588
609
589
610
590
611
591
612
592
613
593
614
615
4556
595
616
596
617
597
618
598
619
599
620
600
621
601
622
602
623
603
624
604
625
605
626
606
627
607
628
608
629
609
630
610
631
611
632
612
633
613
634
614
635
615
636
637
4562
617
638
618
639
619
640
620
641
621
642
622
643
623
644
624
645
625
646
626
647
627
648
628
649
629
650
630
651
631
652
632
653
633
654
634
655
635
656
636
657
637
658
659
4568
639
660
640
661
641
662
642
663
643
664
644
665
645
666
646
667
647
668
648
669
649
670
650
671
651
672
652
673
653
674
654
675
655
676
656
677
657
678
658
679
659
680
681
4574
661
682
662
683
663
684
664
685
665
686
666
687
667
688
668
689
669
690
670
691
671
692
672
693
673
694
674
695
675
696
676
697
677
698
678
699
679
700
680
701
681
702
703
4580
683
704
684
705
685
706
686
707
687
708
688
709
689
710
690
711
691
712
692
713
693
714
694
715
695
716
696
717
697
718
698
719
699
720
700
721
701
722
702
723
703
724
725
4586
705
726
706
727
707
728
708
729
709
730
710
731
711
732
712
733
713
734
714
735
715
736
716
737
717
738
718
739
719
740
720
741
721
742
722
743
723
744
724
745
725
746
747
4592
727
748
728
749
729
750
730
751
731
752
732
753
733
754
734
755
735
756
736
757
737
758
738
759
739
760
740
761
741
762
742
763
743
764
744
765
745
766
746
767
747
768
769
4598
749
770
750
771
751
772
752
773
753
774
754
775
755
776
756
777
757
778
758
779
759
780
760
781
761
782
762
783
763
784
764
785
765
786
766
787
767
788
768
789
769
790
791
4604
771
792
772
793
773
794
774
795
775
796
776
797
777
798
778
799
779
800
780
801
781
802
782
803
783
804
784
805
785
806
786
807
787
808
788
809
789
810
790
811
791
812
813
4610
793
814
794
815
795
816
796
817
797
818
798
819
799
820
800
821
801
822
802
823
803
824
804
825
805
826
806
827
807
828
808
829
809
830
810
831
811
832
812
833
813
834
835
4616
815
836
816
837
817
838
818
839
819
840
820
841
821
842
822
843
823
844
824
845
825
846
826
847
827
848
828
849
829
850
830
851
831
852
832
853
833
854
834
855
835
856
857
4622
837
858
838
859
839
860
840
861
841
862
842
863
843
864
844
865
845
866
846
867
847
868
848
869
849
870
850
871
851
872
852
873
853
874
854
875
855
876
856
877
857
878
879
4628
859
880
860
881
861
882
862
883
863
884
864
885
865
886
866
887
867
888
868
889
869
890
870
891
871
892
872
893
873
894
874
895
875
896
876
897
877
898
878
899
879
900
901
4634
881
902
882
903
883
904
884
905
885
906
886
907
887
908
888
909
889
910
890
911
891
912
892
913
893
914
894
915
895
916
896
917
897
918
898
919
899
920
900
921
901
922
923
4640
903
924
904
925
905
926
906
927
907
928
908
929
909
930
910
931
911
932
912
933
913
934
914
935
915
936
916
937
917
938
918
939
919
940
920
941
921
942
922
943
923
944
945
4646
925
946
926
947
927
948
928
949
929
950
930
951
931
952
932
953
933
954
934
955
935
956
936
957
937
958
938
959
939
960
940
961
941
962
942
963
943
964
944
965
945
966
967
4652
947
968
948
969
949
970
950
971
951
972
952
973
953
974
954
975
955
976
956
977
957
978
958
979
959
980
960
981
961
982
962
983
963
984
964
985
965
986
966
987
967
988
989
4658
969
990
970
991
971
992
972
993
973
994
974
995
975
996
976
997
977
998
978
999
979
1000
980
1001
981
1002
982
1003
983
1004
984
1005
985
1006
986
1007
987
1008
988
1009
989
1010
1011
4664
991
1012
992
1013
993
1014
994
1015
995
1016
996
1017
997
1018
998
1019
999
1020
1000
1021
1001
1022
1002
1023
1003
1024
1004
1025
1005
1026
1006
1027
1007
1028
1008
1029
1009
1030
1010
1031
1011
1032
1033
4670
1013
1034
1014
1035
1015
1036
1016
1037
1017
1038
1018
1039
1019
1040
1020
1041
1021
1042
1022
1043
1023
1044
1024
1045
1025
1046
1026
1047
1027
1048
1028
1049
1029
1050
1030
1051
1031
1052
1032
1053
1033
1054
1055
4676
1035
1056
1036
1057
1037
1058
1038
1059
1039
1060
1040
1061
1041
1062
1042
1063
1043
1064
1044
1065
1045
1066
1046
1067
1047
1068
1048
1069
1049
1070
1050
1071
1051
1072
1052
1073
1053
1074
1054
1075
1055
1076
1077
4682
1057
1078
1058
1079
1059
1080
1060
1081
1061
1082
1062
1083
1063
1084
1064
1085
1065
1086
1066
1087
1067
1088
1068
1089
1069
1090
1070
1091
1071
1092
1072
1093
1073
1094
1074
1095
1075
1096
1076
1097
1077
1098
1099
4688
1079
1100
1080
1101
1081
1102
1082
1103
1083
1104
1084
1105
1085
1106
1086
1107
1087
1108
1088
1109
1089
1110
1090
1111
1091
1112
1092
1113
1093
1114
1094
1115
1095
1116
1096
1117
1097
1118
1098
1119
1099
1120
1121
4694
1101
1122
1102
1123
1103
1124
1104
1125
1105
1126
1106
1127
1107
1128
1108
1129
1109
1130
1110
1131
1111
1132
1112
1133
1113
1134
1114
1135
1115
1136
1116
1137
1117
1138
1118
1139
1119
1140
1120
1141
1121
1142
1143
4700
1123
1144
1124
1145
1125
1146
1126
1147
1127
1148
1128
1149
1129
1150
1130
1151
1131
1152
1132
1153
1133
1154
1134
1155
1135
1156
1136
1157
1137
1158
1138
1159
1139
1160
1140
1161
1141
1162
1142
1163
1143
1164
1165
4706
1145
1166
1146
1167
1147
1168
1148
1169
1149
1170
1150
1171
1151
1172
1152
1173
1153
1174
1154
1175
1155
1176
1156
1177
1157
1178
1158
1179
1159
1180
1160
1181
1161
1182
1162
1183
1163
1184
1164
1185
1165
1186
1187
4712
1167
1188
1168
1189
1169
1190
1170
1191
1171
1192
1172
1193
1173
1194
1174
1195
1175
1196
1176
1197
1177
1198
1178
1199
1179
1200
1180
1201
1181
1202
1182
1203
1183
1204
1184
1205
1185
1206
1186
1207
1187
1208
1209
4718
1189
1210
1190
1211
1191
1212
1192
1213
1193
1214
1194
1215
1195
1216
1196
1217
1197
1218
1198
1219
1199
1220
1200
1221
1201
1222
1202
1223
1203
1224
1204
1225
1205
1226
1206
1227
1207
1228
1208
1229
1209
1230
1231
4724
1211
1232
1212
1233
1213
1234
1214
1235
1215
1236
1216
1237
1217
1238
1218
1239
1219
1240
1220
1241
1221
1242
1222
1243
1223
1244
1224
1245
1225
1246
1226
1247
1227
1248
1228
1249
1229
1250
1230
1251
1231
1252
1253
4730
1233
1254
1234
1255
1235
1256
1236
1257
1237
1258
1238
1259
1239
1260
1240
1261
1241
1262
1242
1263
1243
1264
1244
1265
1245
1266
1246
1267
1247
1268
1248
1269
1249
1270
1250
1271
1251
1272
1252
1273
1253
1274
1275
4736
1255
1276
1256
1277
1257
1278
1258
1279
1259
1280
1260
1281
1261
1282
1262
1283
1263
1284
1264
1285
1265
1286
1266
1287
1267
1288
1268
1289
1269
1290
1270
1291
1271
1292
1272
1293
1273
1294
1274
1295
1275
1296
1297
4742
1277
1298
1278
1299
1279
1300
1280
1301
1281
1302
1282
1303
1283
1304
1284
1305
1285
1306
1286
1307
1287
1308
1288
1309
1289
1310
1290
1311
1291
1312
1292
1313
1293
1314
1294
1315
1295
1316
1296
1317
1297
1318
1319
4748
1299
1320
1300
1321
1301
1322
1302
1323
1303
1324
1304
1325
1305
1326
1306
1327
1307
1328
1308
1329
1309
1330
1310
1331
1311
1332
1312
1333
1313
1334
1314
1335
1315
1336
1316
1337
1317
1338
1318
1339
1319
1340
1341
4754
1321
1342
1322
1343
1323
1344
1324
1345
1325
1346
1326
1347
1327
1348
1328
1349
1329
1350
1330
1351
1331
1352
1332
1353
1333
1354
1334
1355
1335
1356
1336
1357
1337
1358
1338
1359
1339
1360
1340
1361
1341
1362
1363
4760
1343
1364
1344
1365
1345
1366
1346
1367
1347
1368
1348
1369
1349
1370
1350
1371
1351
1372
1352
1373
1353
1374
1354
1375
1355
1376
1356
1377
1357
1378
1358
1379
1359
1380
1360
1381
1361
1382
1362
1383
1363
1384
1385
4766
1365
1386
1366
1387
1367
1388
1368
1389
1369
1390
1370
1391
1371
1392
1372
1393
1373
1394
1374
1395
1375
1396
1376
1397
1377
1398
1378
1399
1379
1400
1380
1401
1381
1402
1382
1403
1383
1404
1384
1405
1385
1406
1407
4772
1387
1408
1388
1409
1389
1410
1390
1411
1391
1412
1392
1413
1393
1414
1394
1415
1395
1416
1396
1417
1397
1418
1398
1419
1399
1420
1400
1421
1401
1422
1402
1423
1403
1424
1404
1425
1405
1426
1406
1427
1407
1428
1429
4778
1409
1430
1410
1431
1411
1432
1412
1433
1413
1434
1414
1435
1415
1436
1416
1437
1417
1438
1418
1439
1419
1440
1420
1441
1421
1442
1422
1443
1423
1444
1424
1445
1425
1446
1426
1447
1427
1448
1428
1449
1429
1450
1451
4784
1431
1452
1432
1453
1433
1454
1434
1455
1435
1456
1436
1457
1437
1458
1438
1459
1439
1460
1440
1461
1441
1462
1442
1463
1443
1464
1444
1465
1445
1466
1446
1467
1447
1468
1448
1469
1449
1470
1450
1471
1451
1472
1473
4790
1453
1474
1454
1475
1455
1476
1456
1477
1457
1478
1458
1479
1459
1480
1460
1481
1461
1482
1462
1483
1463
1484
1464
1485
1465
1486
1466
1487
1467
1488
1468
1489
1469
1490
1470
1491
1471
1492
1472
1493
1473
1494
1495
4796
1475
1496
1476
1497
1477
1498
1478
1499
1479
1500
1480
1501
1481
1502
1482
1503
1483
1504
1484
1505
1485
1506
1486
1507
1487
1508
1488
1509
1489
1510
1490
1511
1491
1512
1492
1513
1493
1514
1494
1515
1495
1516
1517
4802
1497
1518
1498
1519
1499
1520
1500
1521
1501
1522
1502
1523
1503
1524
1504
1525
1505
1526
1506
1527
1507
1528
1508
1529
1509
1530
1510
1531
1511
1532
1512
1533
1513
1534
1514
1535
1515
1536
1516
1537
1517
1538
1539
4808
1519
1540
1520
1541
1521
1542
1522
1543
1523
1544
1524
1545
1525
1546
1526
1547
1527
1548
1528
1549
1529
1550
1530
1551
1531
1552
1532
1553
1533
1554
1534
1555
1535
1556
1536
1557
1537
1558
1538
1559
1539
1560
1561
4814
1541
1562
1542
1563
1543
1564
1544
1565
1545
1566
1546
1567
1547
1568
1548
1569
1549
1570
1550
1571
1551
1572
1552
1573
1553
1574
1554
1575
1555
1576
1556
1577
1557
1578
1558
1579
1559
1580
1560
1581
1561
1582
1583
4820
1563
1584
1564
1585
1565
1586
1566
1587
1567
1588
1568
1589
1569
1590
1570
1591
1571
1592
1572
1593
1573
1594
1574
1595
1575
1596
1576
1597
1577
1598
1578
1599
1579
1600
1580
1601
1581
1602
1582
1603
1583
1604
1605
4826
1585
1606
1586
1607
1587
1608
1588
1609
1589
1610
1590
1611
1591
1612
1592
1613
1593
1614
1594
1615
1595
1616
1596
1617
1597
1618
1598
1619
1599
1620
1600
1621
1601
1622
1602
1623
1603
1624
1604
1625
1605
1626
1627
4832
1607
1628
1608
1629
1609
1630
1610
1631
1611
1632
1612
1633
1613
1634
1614
1635
1615
1636
1616
1637
1617
1638
1618
1639
1619
1640
1620
1641
1621
1642
1622
1643
1623
1644
1624
1645
1625
1646
1626
1647
1627
1648
1649
4838
1629
1650
1630
1651
1631
1652
1632
1653
1633
1654
1634
1655
1635
1656
1636
1657
1637
1658
1638
1659
1639
1660
1640
1661
1641
1662
1642
1663
1643
1664
1644
1665
1645
1666
1646
1667
1647
1668
1648
1669
1649
1670
1671
4844
1651
1672
1652
1673
1653
1674
1654
1675
1655
1676
1656
1677
1657
1678
1658
1679
1659
1680
1660
1681
1661
1682
1662
1683
1663
1684
1664
1685
1665
1686
1666
1687
1667
1688
1668
1689
1669
1690
1670
1691
1671
1692
1693
4850
1673
1694
1674
1695
1675
1696
1676
1697
1677
1698
1678
1699
1679
1700
1680
1701
1681
1702
1682
1703
1683
1704
1684
1705
1685
1706
1686
1707
1687
1708
1688
1709
1689
1710
1690
1711
1691
1712
1692
1713
1693
1714
1715
4856
1695
1716
1696
1717
1697
1718
1698
1719
1699
1720
1700
1721
1701
1722
1702
1723
1703
1724
1704
1725
1705
1726
1706
1727
1707
1728
1708
1729
1709
1730
1710
1731
1711
1732
1712
1733
1713
1734
1714
1735
1715
1736
1737
4862
1717
1738
1718
1739
1719
1740
1720
1741
1721
1742
1722
1743
1723
1744
1724
1745
1725
1746
1726
1747
1727
1748
1728
1749
1729
1750
1730
1751
1731
1752
1732
1753
1733
1754
1734
1755
1735
1756
1736
1757
1737
1758
1759
4868
1739
1760
1740
1761
1741
1762
1742
1763
1743
1764
1744
1765
1745
1766
1746
1767
1747
1768
1748
1769
1749
1770
1750
1771
1751
1772
1752
1773
1753
1774
1754
1775
1755
1776
1756
1777
1757
1778
1758
1779
1759
1780
1781
4874
1761
1782
1762
1783
1763
1784
1764
1785
1765
1786
1766
1787
1767
1788
1768
1789
1769
1790
1770
1791
1771
1792
1772
1793
1773
1794
1774
1795
1775
1796
1776
1797
1777
1798
1778
1799
1779
1800
1780
1801
1781
1802
1803
4880
1783
1804
1784
1805
1785
1806
1786
1807
1787
1808
1788
1809
1789
1810
1790
1811
1791
1812
1792
1813
1793
1814
1794
1815
1795
1816
1796
1817
1797
1818
1798
1819
1799
1820
1800
1821
1801
1822
1802
1823
1803
1824
1825
4886
1805
1826
1806
1827
1807
1828
1808
1829
1809
1830
1810
1831
1811
1832
1812
1833
1813
1834
1814
1835
1815
1836
1816
1837
1817
1838
1818
1839
1819
1840
1820
1841
1821
1842
1822
1843
1823
1844
1824
1845
1825
1846
1847
4892
1827
1848
1828
1849
1829
1850
1830
1851
1831
1852
1832
1853
1833
1854
1834
1855
1835
1856
1836
1857
1837
1858
1838
1859
1839
1860
1840
1861
1841
1862
1842
1863
1843
1864
1844
1865
1845
1866
1846
1867
1847
1868
1869
4898
1849
1870
1850
1871
1851
1872
1852
1873
1853
1874
1854
1875
1855
1876
1856
1877
1857
1878
1858
1879
1859
1880
1860
1881
1861
1882
1862
1883
1863
1884
1864
1885
1865
1886
1866
1887
1867
1888
1868
1889
1869
1890
1891
4904
1871
1892
1872
1893
1873
1894
1874
1895
1875
1896
1876
1897
1877
1898
1878
1899
1879
1900
1880
1901
1881
1902
1882
1903
1883
1904
1884
1905
1885
1906
1886
1907
1887
1908
1888
1909
1889
1910
1890
1911
1891
1912
1913
4910
1893
1914
1894
1915
1895
1916
1896
1917
1897
1918
1898
1919
1899
1920
1900
1921
1901
1922
1902
1923
1903
1924
1904
1925
1905
1926
1906
1927
1907
1928
1908
1929
1909
1930
1910
1931
1911
1932
1912
1933
1913
1934
1935
4916
1915
1936
1916
1937
1917
1938
1918
1939
1919
1940
1920
1941
1921
1942
1922
1943
1923
1944
1924
1945
1925
1946
1926
1947
1927
1948
1928
1949
1929
1950
1930
1951
1931
1952
1932
1953
1933
1954
1934
1955
1935
1956
1957
4922
1937
1958
1938
1959
1939
1960
1940
1961
1941
1962
1942
1963
1943
1964
1944
1965
1945
1966
1946
1967
1947
1968
1948
1969
1949
1970
1950
1971
1951
1972
1952
1973
1953
1974
1954
1975
1955
1976
1956
1977
1957
1978
1979
4928
1959
1980
1960
1981
1961
1982
1962
1983
1963
1984
1964
1985
1965
1986
1966
1987
1967
1988
1968
1989
1969
1990
1970
1991
1971
1992
1972
1993
1973
1994
1974
1995
1975
1996
1976
1997
1977
1998
1978
1999
1979
2000
2001
4934
1981
2002
1982
2003
1983
2004
1984
2005
1985
2006
1986
2007
1987
2008
1988
2009
1989
2010
1990
2011
1991
2012
1992
2013
1993
2014
1994
2015
1995
2016
1996
2017
1997
2018
1998
2019
1999
2020
2000
2021
2001
2022
2023
4940
2003
2024
2004
2025
2005
2026
2006
2027
2007
2028
2008
2029
2009
2030
2010
2031
2011
2032
2012
2033
2013
2034
2014
2035
2015
2036
2016
2037
2017
2038
2018
2039
2019
2040
2020
2041
2021
2042
2022
2043
2023
2044
2045
4946
2025
2046
2026
2047
2027
2048
2028
2049
2029
2050
2030
2051
2031
2052
2032
2053
2033
2054
2034
2055
2035
2056
2036
2057
2037
2058
2038
2059
2039
2060
2040
2061
2041
2062
2042
2063
2043
2064
2044
2065
2045
2066
2067
4952
2047
2068
2048
2069
2049
2070
2050
2071
2051
2072
2052
2073
2053
2074
2054
2075
2055
2076
2056
2077
2057
2078
2058
2079
2059
2080
2060
2081
2061
2082
2062
2083
2063
2084
2064
2085
2065
2086
2066
2087
2067
2088
2089
4958
2069
2090
2070
2091
2071
2092
2072
2093
2073
2094
2074
2095
2075
2096
2076
2097
2077
2098
2078
2099
2079
2100
2080
2101
2081
2102
2082
2103
2083
2104
2084
2105
2085
2106
2086
2107
2087
2108
2088
2109
2089
2110
2111
4964
2091
2112
2092
2113
2093
2114
2094
2115
2095
2116
2096
2117
2097
2118
2098
2119
2099
2120
2100
2121
2101
2122
2102
2123
2103
2124
2104
2125
2105
2126
2106
2127
2107
2128
2108
2129
2109
2130
2110
2131
2111
2132
2133
4970
2113
2134
2114
2135
2115
2136
2116
2137
2117
2138
2118
2139
2119
2140
2120
2141
2121
2142
2122
2143
2123
2144
2124
2145
2125
2146
2126
2147
2127
2148
2128
2149
2129
2150
2130
2151
2131
2152
2132
2153
2133
2154
2155
4976
2135
2156
2136
2157
2137
2158
2138
2159
2139
2160
2140
2161
2141
2162
2142
2163
2143
2164
2144
2165
2145
2166
2146
2167
2147
2168
2148
2169
2149
2170
2150
2171
2151
2172
2152
2173
2153
2174
2154
2175
2155
2176
2177
4982
2157
2178
2158
2179
2159
2180
2160
2181
2161
2182
2162
2183
2163
2184
2164
2185
2165
2186
2166
2187
2167
2188
2168
2189
2169
2190
2170
2191
2171
2192
2172
2193
2173
2194
2174
2195
2175
2196
2176
2197
2177
2198
2199
4988
2179
2180
2181
2182
2183
2184
2185
2186
2187
2188
2189
2190
2191
2192
2193
2194
2195
2196
2197
2198
2199
4994
2201
2222
4405
2202
2223
2203
2224
2204
2225
2205
2226
2206
2227
2207
2228
2208
2229
2209
2230
2210
2231
2211
2232
2212
2233
2213
2234
2214
2235
2215
2236
2216
2237
2217
2238
2218
2239
2219
2240
2220
2241
2221
2242
2243
2223
2244
4411
2224
2245
2225
2246
2226
2247
2227
2248
2228
2249
2229
2250
2230
2251
2231
2252
2232
2253
2233
2254
2234
2255
2235
2256
2236
2257
2237
2258
2238
2259
2239
2260
2240
2261
2241
2262
2242
2263
2243
2264
2265
2245
2266
4417
2246
2267
2247
2268
2248
2269
2249
2270
2250
2271
2251
2272
2252
2273
2253
2274
2254
2275
2255
2276
2256
2277
2257
2278
2258
2279
2259
2280
2260
2281
2261
2282
2262
2283
2263
2284
2264
2285
2265
2286
2287
2267
2288
4423
2268
2289
2269
2290
2270
2291
2271
2292
2272
2293
2273
2294
2274
2295
2275
2296
2276
2297
2277
2298
2278
2299
2279
2300
2280
2301
2281
2302
2282
2303
2283
2304
2284
2305
2285
2306
2286
2307
2287
2308
2309
2289
2310
4429
2290
2311
2291
2312
2292
2313
2293
2314
2294
2315
2295
2316
2296
2317
2297
2318
2298
2319
2299
2320
2300
2321
2301
2322
2302
2323
2303
2324
2304
2325
2305
2326
2306
2327
2307
2328
2308
2329
2309
2330
2331
2311
2332
4435
2312
2333
2313
2334
2314
2335
2315
2336
2316
2337
2317
2338
2318
2339
2319
2340
2320
2341
2321
2342
2322
2343
2323
2344
2324
2345
2325
2346
2326
2347
2327
2348
2328
2349
2329
2350
2330
2351
2331
2352
2353
2333
2354
4441
2334
2355
2335
2356
2336
2357
2337
2358
2338
2359
2339
2360
2340
2361
2341
2362
2342
2363
2343
2364
2344
2365
2345
2366
2346
2367
2347
2368
2348
2369
2349
2370
2350
2371
2351
2372
2352
2373
2353
2374
2375
2355
2376
4447
2356
2377
2357
2378
2358
2379
2359
2380
2360
2381
2361
2382
2362
2383
2363
2384
2364
2385
2365
2386
2366
2387
2367
2388
2368
2389
2369
2390
2370
2391
2371
2392
2372
2393
2373
2394
2374
2395
2375
2396
2397
2377
2398
4453
2378
2399
2379
2400
2380
2401
2381
2402
2382
2403
2383
2404
2384
2405
2385
2406
2386
2407
2387
2408
2388
2409
2389
2410
2390
2411
2391
2412
2392
2413
2393
2414
2394
2415
2395
2416
2396
2417
2397
2418
2419
2399
2420
4459
2400
2421
2401
2422
2402
2423
2403
2424
2404
2425
2405
2426
2406
2427
2407
2428
2408
2429
2409
2430
2410
2431
2411
2432
2412
2433
2413
2434
2414
2435
2415
2436
2416
2437
2417
2438
2418
2439
2419
2440
2441
2421
2442
4465
2422
2443
2423
2444
2424
2445
2425
2446
2426
2447
2427
2448
2428
2449
2429
2450
2430
2451
2431
2452
2432
2453
2433
2454
2434
2455
2435
2456
2436
2457
2437
2458
2438
2459
2439
2460
2440
2461
2441
2462
2463
2443
2464
4471
2444
2465
2445
2466
2446
2467
2447
2468
2448
2469
2449
2470
2450
2471
2451
2472
2452
2473
2453
2474
2454
2475
2455
2476
2456
2477
2457
2478
2458
2479
2459
2480
2460
2481
2461
2482
2462
2483
2463
2484
2485
2465
2486
4477
2466
2487
2467
2488
2468
2489
2469
2490
2470
2491
2471
2492
2472
2493
2473
2494
2474
2495
2475
2496
2476
2497
2477
2498
2478
2499
2479
2500
2480
2501
2481
2502
2482
2503
2483
2504
2484
2505
2485
2506
2507
2487
2508
4483
2488
2509
2489
2510
2490
2511
2491
2512
2492
2513
2493
2514
2494
2515
2495
2516
2496
2517
2497
2518
2498
2519
2499
2520
2500
2521
2501
2522
2502
2523
2503
2524
2504
2525
2505
2526
2506
2527
2507
2528
2529
2509
2530
4489
2510
2531
2511
2532
2512
2533
2513
2534
2514
2535
2515
2536
2516
2537
2517
2538
2518
2539
2519
2540
2520
2541
2521
2542
2522
2543
2523
2544
2524
2545
2525
2546
2526
2547
2527
2548
2528
2549
2529
2550
2551
2531
2552
4495
2532
2553
2533
2554
2534
2555
2535
2556
2536
2557
2537
2558
2538
2559
2539
2560
2540
2561
2541
2562
2542
2563
2543
2564
2544
2565
2545
2566
2546
2567
2547
2568
2548
2569
2549
2570
2550
2571
2551
2572
2573
2553
2574
4501
2554
2575
2555
2576
2556
2577
2557
2578
2558
2579
2559
2580
2560
2581
2561
2582
2562
2583
2563
2584
2564
2585
2565
2586
2566
2587
2567
2588
2568
2589
2569
2590
2570
2591
2571
2592
2572
2593
2573
2594
2595
2575
2596
4507
2576
2597
2577
2598
2578
2599
2579
2600
2580
2601
2581
2602
2582
2603
2583
2604
2584
2605
2585
2606
2586
2607
2587
2608
2588
2609
2589
2610
2590
2611
2591
2612
2592
2613
2593
2614
2594
2615
2595
2616
2617
2597
2618
4513
2598
2619
2599
2620
2600
2621
2601
2622
2602
2623
2603
2624
2604
2625
2605
2626
2606
2627
2607
2628
2608
2629
2609
2630
2610
2631
2611
2632
2612
2633
2613
2634
2614
2635
2615
2636
2616
2637
2617
2638
2639
2619
2640
4519
2620
2641
2621
2642
2622
2643
2623
2644
2624
2645
2625
2646
2626
2647
2627
2648
2628
2649
2629
2650
2630
2651
2631
2652
2632
2653
2633
2654
2634
2655
2635
2656
2636
2657
2637
2658
2638
2659
2639
2660
2661
2641
2662
4525
2642
2663
2643
2664
2644
2665
2645
2666
2646
2667
2647
2668
2648
2669
2649
2670
2650
2671
2651
2672
2652
2673
2653
2674
2654
2675
2655
2676
2656
2677
2657
2678
2658
2679
2659
2680
2660
2681
2661
2682
2683
2663
2684
4531
2664
2685
2665
2686
2666
2687
2667
2688
2668
2689
2669
2690
2670
2691
2671
2692
2672
2693
2673
2694
2674
2695
2675
2696
2676
2697
2677
2698
2678
2699
2679
2700
2680
2701
2681
2702
2682
2703
2683
2704
2705
2685
2706
4537
2686
2707
2687
2708
2688
2709
2689
2710
2690
2711
2691
2712
2692
2713
2693
2714
2694
2715
2695
2716
2696
2717
2697
2718
2698
2719
2699
2720
2700
2721
2701
2722
2702
2723
2703
2724
2704
2725
2705
2726
2727
2707
2728
4543
2708
2729
2709
2730
2710
2731
2711
2732
2712
2733
2713
2734
2714
2735
2715
2736
2716
2737
2717
2738
2718
2739
2719
2740
2720
2741
2721
2742
2722
2743
2723
2744
2724
2745
2725
2746
2726
2747
2727
2748
2749
2729
2750
4549
2730
2751
2731
2752
2732
2753
2733
2754
2734
2755
2735
2756
2736
2757
2737
2758
2738
2759
2739
2760
2740
2761
2741
2762
2742
2763
2743
2764
2744
2765
2745
2766
2746
2767
2747
2768
2748
2769
2749
2770
2771
2751
2772
4555
2752
2773
2753
2774
2754
2775
2755
2776
2756
2777
2757
2778
2758
2779
2759
2780
2760
2781
2761
2782
2762
2783
2763
2784
2764
2785
2765
2786
2766
2787
2767
2788
2768
2789
2769
2790
2770
2791
2771
2792
2793
2773
2794
4561
2774
2795
2775
2796
2776
2797
2777
2798
2778
2799
2779
2800
2780
2801
2781
2802
2782
2803
2783
2804
2784
2805
2785
2806
2786
2807
2787
2808
2788
2809
2789
2810
2790
2811
2791
2812
2792
2813
2793
2814
2815
2795
2816
4567
2796
2817
2797
2818
2798
2819
2799
2820
2800
2821
2801
2822
2802
2823
2803
2824
2804
2825
2805
2826
2806
2827
2807
2828
2808
2829
2809
2830
2810
2831
2811
2832
2812
2833
2813
2834
2814
2835
2815
2836
2837
2817
2838
4573
2818
2839
2819
2840
2820
2841
2821
2842
2822
2843
2823
2844
2824
2845
2825
2846
2826
2847
2827
2848
2828
2849
2829
2850
2830
2851
2831
2852
2832
2853
2833
2854
2834
2855
2835
2856
2836
2857
2837
2858
2859
2839
2860
4579
2840
2861
2841
2862
2842
2863
2843
2864
2844
2865
2845
2866
2846
2867
2847
2868
2848
2869
2849
2870
2850
2871
2851
2872
2852
2873
2853
2874
2854
2875
2855
2876
2856
2877
2857
2878
2858
2879
2859
2880
2881
2861
2882
4585
2862
2883
2863
2884
2864
2885
2865
2886
2866
2887
2867
2888
2868
2889
2869
2890
2870
2891
2871
2892
2872
2893
2873
2894
2874
2895
2875
2896
2876
2897
2877
2898
2878
2899
2879
2900
2880
2901
2881
2902
2903
2883
2904
4591
2884
2905
2885
2906
2886
2907
2887
2908
2888
2909
2889
2910
2890
2911
2891
2912
2892
2913
2893
2914
2894
2915
2895
2916
2896
2917
2897
2918
2898
2919
2899
2920
2900
2921
2901
2922
2902
2923
2903
2924
2925
2905
2926
4597
2906
2927
2907
2928
2908
2929
2909
2930
2910
2931
2911
2932
2912
2933
2913
2934
2914
2935
2915
2936
2916
2937
2917
2938
2918
2939
2919
2940
2920
2941
2921
2942
2922
2943
2923
2944
2924
2945
2925
2946
2947
2927
2948
4603
2928
2949
2929
2950
2930
2951
2931
2952
2932
2953
2933
2954
2934
2955
2935
2956
2936
2957
2937
2958
2938
2959
2939
2960
2940
2961
2941
2962
2942
2963
2943
2964
2944
2965
2945
2966
2946
2967
2947
2968
2969
2949
2970
4609
2950
2971
2951
2972
2952
2973
2953
2974
2954
2975
2955
2976
2956
2977
2957
2978
2958
2979
2959
2980
2960
2981
2961
2982
2962
2983
2963
2984
2964
2985
2965
2986
2966
2987
2967
2988
2968
2989
2969
2990
2991
2971
2992
4615
2972
2993
2973
2994
2974
2995
2975
2996
2976
2997
2977
2998
2978
2999
2979
3000
2980
3001
2981
3002
2982
3003
2983
3004
2984
3005
2985
3006
2986
3007
2987
3008
2988
3009
2989
3010
2990
3011
2991
3012
3013
2993
3014
4621
2994
3015
2995
3016
2996
3017
2997
3018
2998
3019
2999
3020
3000
3021
3001
3022
3002
3023
3003
3024
3004
3025
3005
3026
3006
3027
3007
3028
3008
3029
3009
3030
3010
3031
3011
3032
3012
3033
3013
3034
3035
3015
3036
4627
3016
3037
3017
3038
3018
3039
3019
3040
3020
3041
3021
3042
3022
3043
3023
3044
3024
3045
3025
3046
3026
3047
3027
3048
3028
3049
3029
3050
3030
3051
3031
3052
3032
3053
3033
3054
3034
3055
3035
3056
3057
3037
3058
4633
3038
3059
3039
3060
3040
3061
3041
3062
3042
3063
3043
3064
3044
3065
3045
3066
3046
3067
3047
3068
3048
3069
3049
3070
3050
3071
3051
3072
3052
3073
3053
3074
3054
3075
3055
3076
3056
3077
3057
3078
3079
3059
3080
4639
3060
3081
3061
3082
3062
3083
3063
3084
3064
3085
3065
3086
3066
3087
3067
3088
3068
3089
3069
3090
3070
3091
3071
3092
3072
3093
3073
3094
3074
3095
3075
3096
3076
3097
3077
3098
3078
3099
3079
3100
3101
3081
3102
4645
3082
3103
3083
3104
3084
3105
3085
3106
3086
3107
3087
3108
3088
3109
3089
3110
3090
3111
3091
3112
3092
3113
3093
3114
3094
3115
3095
3116
3096
3117
3097
3118
3098
3119
3099
3120
3100
3121
3101
3122
3123
3103
3124
4651
3104
3125
3105
3126
3106
3127
3107
3128
3108
3129
3109
3130
3110
3131
3111
3132
3112
3133
3113
3134
3114
3135
3115
3136
3116
3137
3117
3138
3118
3139
3119
3140
3120
3141
3121
3142
3122
3143
3123
3144
3145
3125
3146
4657
3126
3147
3127
3148
3128
3149
3129
3150
3130
3151
3131
3152
3132
3153
3133
3154
3134
3155
3135
3156
3136
3157
3137
3158
3138
3159
3139
3160
3140
3161
3141
3162
3142
3163
3143
3164
3144
3165
3145
3166
3167
3147
3168
4663
3148
3169
3149
3170
3150
3171
3151
3172
3152
3173
3153
3174
3154
3175
3155
3176
3156
3177
3157
3178
3158
3179
3159
3180
3160
3181
3161
3182
3162
3183
3163
3184
3164
3185
3165
3186
3166
3187
3167
3188
3189
3169
3190
4669
3170
3191
3171
3192
3172
3193
3173
3194
3174
3195
3175
3196
3176
3197
3177
3198
3178
3199
3179
3200
3180
3201
3181
3202
3182
3203
3183
3204
3184
3205
3185
3206
3186
3207
3187
3208
3188
3209
3189
3210
3211
3191
3212
4675
3192
3213
3193
3214
3194
3215
3195
3216
3196
3217
3197
3218
3198
3219
3199
3220
3200
3221
3201
3222
3202
3223
3203
3224
3204
3225
3205
3226
3206
3227
3207
3228
3208
3229
3209
3230
3210
3231
3211
3232
3233
3213
3234
4681
3214
3235
3215
3236
3216
3237
3217
3238
3218
3239
3219
3240
3220
3241
3221
3242
3222
3243
3223
3244
3224
3245
3225
3246
3226
3247
3227
3248
3228
3249
3229
3250
3230
3251
3231
3252
3232
3253
3233
3254
3255
3235
3256
4687
3236
3257
3237
3258
3238
3259
3239
3260
3240
3261
3241
3262
3242
3263
3243
3264
3244
3265
3245
3266
3246
3267
3247
3268
3248
3269
3249
3270
3250
3271
3251
3272
3252
3273
3253
3274
3254
3275
3255
3276
3277
3257
3278
4693
3258
3279
3259
3280
3260
3281
3261
3282
3262
3283
3263
3284
3264
3285
3265
3286
3266
3287
3267
3288
3268
3289
3269
3290
3270
3291
3271
3292
3272
3293
3273
3294
3274
3295
3275
3296
3276
3297
3277
3298
3299
3279
3300
4699
3280
3301
3281
3302
3282
3303
3283
3304
3284
3305
3285
3306
3286
3307
3287
3308
3288
3309
3289
3310
3290
3311
3291
3312
3292
3313
3293
3314
3294
3315
3295
3316
3296
3317
3297
3318
3298
3319
3299
3320
3321
3301
3322
4705
3302
3323
3303
3324
3304
3325
3305
3326
3306
3327
3307
3328
3308
3329
3309
3330
3310
3331
3311
3332
3312
3333
3313
3334
3314
3335
3315
3336
3316
3337
3317
3338
3318
3339
3319
3340
3320
3341
3321
3342
3343
3323
3344
4711
3324
3345
3325
3346
3326
3347
3327
3348
3328
3349
3329
3350
3330
3351
3331
3352
3332
3353
3333
3354
3334
3355
3335
3356
3336
3357
3337
3358
3338
3359
3339
3360
3340
3361
3341
3362
3342
3363
3343
3364
3365
3345
3366
4717
3346
3367
3347
3368
3348
3369
3349
3370
3350
3371
3351
3372
3352
3373
3353
3374
3354
3375
3355
3376
3356
3377
3357
3378
3358
3379
3359
3380
3360
3381
3361
3382
3362
3383
3363
3384
3364
3385
3365
3386
3387
3367
3388
4723
3368
3389
3369
3390
3370
3391
3371
3392
3372
3393
3373
3394
3374
3395
3375
3396
3376
3397
3377
3398
3378
3399
3379
3400
3380
3401
3381
3402
3382
3403
3383
3404
3384
3405
3385
3406
3386
3407
3387
3408
3409
3389
3410
4729
3390
3411
3391
3412
3392
3413
3393
3414
3394
3415
3395
3416
3396
3417
3397
3418
3398
3419
3399
3420
3400
3421
3401
3422
3402
3423
3403
3424
3404
3425
3405
3426
3406
3427
3407
3428
3408
3429
3409
3430
3431
3411
3432
4735
3412
3433
3413
3434
3414
3435
3415
3436
3416
3437
3417
3438
3418
3439
3419
3440
3420
3441
3421
3442
3422
3443
3423
3444
3424
3445
3425
3446
3426
3447
3427
3448
3428
3449
3429
3450
3430
3451
3431
3452
3453
3433
3454
4741
3434
3455
3435
3456
3436
3457
3437
3458
3438
3459
3439
3460
3440
3461
3441
3462
3442
3463
3443
3464
3444
3465
3445
3466
3446
3467
3447
3468
3448
3469
3449
3470
3450
3471
3451
3472
3452
3473
3453
3474
3475
3455
3476
4747
3456
3477
3457
3478
3458
3479
3459
3480
3460
3481
3461
3482
3462
3483
3463
3484
3464
3485
3465
3486
3466
3487
3467
3488
3468
3489
3469
3490
3470
3491
3471
3492
3472
3493
3473
3494
3474
3495
3475
3496
3497
3477
3498
4753
3478
3499
3479
3500
3480
3501
3481
3502
3482
3503
3483
3504
3484
3505
3485
3506
3486
3507
3487
3508
3488
3509
3489
3510
3490
3511
3491
3512
3492
3513
3493
3514
3494
3515
3495
3516
3496
3517
3497
3518
3519
3499
3520
4759
3500
3521
3501
3522
3502
3523
3503
3524
3504
3525
3505
3526
3506
3527
3507
3528
3508
3529
3509
3530
3510
3531
3511
3532
3512
3533
3513
3534
3514
3535
3515
3536
3516
3537
3517
3538
3518
3539
3519
3540
3541
3521
3542
4765
3522
3543
3523
3544
3524
3545
3525
3546
3526
3547
3527
3548
3528
3549
3529
3550
3530
3551
3531
3552
3532
3553
3533
3554
3534
3555
3535
3556
3536
3557
3537
3558
3538
3559
3539
3560
3540
3561
3541
3562
3563
3543
3564
4771
3544
3565
3545
3566
3546
3567
3547
3568
3548
3569
3549
3570
3550
3571
3551
3572
3552
3573
3553
3574
3554
3575
3555
3576
3556
3577
3557
3578
3558
3579
3559
3580
3560
3581
3561
3582
3562
3583
3563
3584
3585
3565
3586
4777
3566
3587
3567
3588
3568
3589
3569
3590
3570
3591
3571
3592
3572
3593
3573
3594
3574
3595
3575
3596
3576
3597
3577
3598
3578
3599
3579
3600
3580
3601
3581
3602
3582
3603
3583
3604
3584
3605
3585
3606
3607
3587
3608
4783
3588
3609
3589
3610
3590
3611
3591
3612
3592
3613
3593
3614
3594
3615
3595
3616
3596
3617
3597
3618
3598
3619
3599
3620
3600
3621
3601
3622
3602
3623
3603
3624
3604
3625
3605
3626
3606
3627
3607
3628
3629
3609
3630
4789
3610
3631
3611
3632
3612
3633
3613
3634
3614
3635
3615
3636
3616
3637
3617
3638
3618
3639
3619
3640
3620
3641
3621
3642
3622
3643
3623
3644
3624
3645
3625
3646
3626
3647
3627
3648
3628
3649
3629
3650
3651
3631
3652
4795
3632
3653
3633
3654
3634
3655
3635
3656
3636
3657
3637
3658
3638
3659
3639
3660
3640
3661
3641
3662
3642
3663
3643
3664
3644
3665
3645
3666
3646
3667
3647
3668
3648
3669
3649
3670
3650
3671
3651
3672
3673
3653
3674
4801
3654
3675
3655
3676
3656
3677
3657
3678
3658
3679
3659
3680
3660
3681
3661
3682
3662
3683
3663
3684
3664
3685
3665
3686
3666
3687
3667
3688
3668
3689
3669
3690
3670
3691
3671
3692
3672
3693
3673
3694
3695
3675
3696
4807
3676
3697
3677
3698
3678
3699
3679
3700
3680
3701
3681
3702
3682
3703
3683
3704
3684
3705
3685
3706
3686
3707
3687
3708
3688
3709
3689
3710
3690
3711
3691
3712
3692
3713
3693
3714
3694
3715
3695
3716
3717
3697
3718
4813
3698
3719
3699
3720
3700
3721
3701
3722
3702
3723
3703
3724
3704
3725
3705
3726
3706
3727
3707
3728
3708
3729
3709
3730
3710
3731
3711
3732
3712
3733
3713
3734
3714
3735
3715
3736
3716
3737
3717
3738
3739
3719
3740
4819
3720
3741
3721
3742
3722
3743
3723
3744
3724
3745
3725
3746
3726
3747
3727
3748
3728
3749
3729
3750
3730
3751
3731
3752
3732
3753
3733
3754
3734
3755
3735
3756
3736
3757
3737
3758
3738
3759
3739
3760
3761
3741
3762
4825
3742
3763
3743
3764
3744
3765
3745
3766
3746
3767
3747
3768
3748
3769
3749
3770
3750
3771
3751
3772
3752
3773
3753
3774
3754
3775
3755
3776
3756
3777
3757
3778
3758
3779
3759
3780
3760
3781
3761
3782
3783
3763
3784
4831
3764
3785
3765
3786
3766
3787
3767
3788
3768
3789
3769
3790
3770
3791
3771
3792
3772
3793
3773
3794
3774
3795
3775
3796
3776
3797
3777
3798
3778
3799
3779
3800
3780
3801
3781
3802
3782
3803
3783
3804
3805
3785
3806
4837
3786
3807
3787
3808
3788
3809
3789
3810
3790
3811
3791
3812
3792
3813
3793
3814
3794
3815
3795
3816
3796
3817
3797
3818
3798
3819
3799
3820
3800
3821
3801
3822
3802
3823
3803
3824
3804
3825
3805
3826
3827
3807
3828
4843
3808
3829
3809
3830
3810
3831
3811
3832
3812
3833
3813
3834
3814
3835
3815
3836
3816
3837
3817
3838
3818
3839
3819
3840
3820
3841
3821
3842
3822
3843
3823
3844
3824
3845
3825
3846
3826
3847
3827
3848
3849
3829
3850
4849
3830
3851
3831
3852
3832
3853
3833
3854
3834
3855
3835
3856
3836
3857
3837
3858
3838
3859
3839
3860
3840
3861
3841
3862
3842
3863
3843
3864
3844
3865
3845
3866
3846
3867
3847
3868
3848
3869
3849
3870
3871
3851
3872
4855
3852
3873
3853
3874
3854
3875
3855
3876
3856
3877
3857
3878
3858
3879
3859
3880
3860
3881
3861
3882
3862
3883
3863
3884
3864
3885
3865
3886
3866
3887
3867
3888
3868
3889
3869
3890
3870
3891
3871
3892
3893
3873
3894
4861
3874
3895
3875
3896
3876
3897
3877
3898
3878
3899
3879
3900
3880
3901
3881
3902
3882
3903
3883
3904
3884
3905
3885
3906
3886
3907
3887
3908
3888
3909
3889
3910
3890
3911
3891
3912
3892
3913
3893
3914
3915
3895
3916
4867
3896
3917
3897
3918
3898
3919
3899
3920
3900
3921
3901
3922
3902
3923
3903
3924
3904
3925
3905
3926
3906
3927
3907
3928
3908
3929
3909
3930
3910
3931
3911
3932
3912
3933
3913
3934
3914
3935
3915
3936
3937
3917
3938
4873
3918
3939
3919
3940
3920
3941
3921
3942
3922
3943
3923
3944
3924
3945
3925
3946
3926
3947
3927
3948
3928
3949
3929
3950
3930
3951
3931
3952
3932
3953
3933
3954
3934
3955
3935
3956
3936
3957
3937
3958
3959
3939
3960
4879
3940
3961
3941
3962
3942
3963
3943
3964
3944
3965
3945
3966
3946
3967
3947
3968
3948
3969
3949
3970
3950
3971
3951
3972
3952
3973
3953
3974
3954
3975
3955
3976
3956
3977
3957
3978
3958
3979
3959
3980
3981
3961
3982
4885
3962
3983
3963
3984
3964
3985
3965
3986
3966
3987
3967
3988
3968
3989
3969
3990
3970
3991
3971
3992
3972
3993
3973
3994
3974
3995
3975
3996
3976
3997
3977
3998
3978
3999
3979
4000
3980
4001
3981
4002
4003
3983
4004
4891
3984
4005
3985
4006
3986
4007
3987
4008
3988
4009
3989
4010
3990
4011
3991
4012
3992
4013
3993
4014
3994
4015
3995
4016
3996
4017
3997
4018
3998
4019
3999
4020
4000
4021
4001
4022
4002
4023
4003
4024
4025
4005
4026
4897
4006
4027
4007
4028
4008
4029
4009
4030
4010
4031
4011
4032
4012
4033
4013
4034
4014
4035
4015
4036
4016
4037
4017
4038
4018
4039
4019
4040
4020
4041
4021
4042
4022
4043
4023
4044
4024
4045
4025
4046
4047
4027
4048
4903
4028
4049
4029
4050
4030
4051
4031
4052
4032
4053
4033
4054
4034
4055
4035
4056
4036
4057
4037
4058
4038
4059
4039
4060
4040
4061
4041
4062
4042
4063
4043
4064
4044
4065
4045
4066
4046
4067
4047
4068
4069
4049
4070
4909
4050
4071
4051
4072
4052
4073
4053
4074
4054
4075
4055
4076
4056
4077
4057
4078
4058
4079
4059
4080
4060
4081
4061
4082
4062
4083
4063
4084
4064
4085
4065
4086
4066
4087
4067
4088
4068
4089
4069
4090
4091
4071
4092
4915
4072
4093
4073
4094
4074
4095
4075
4096
4076
4097
4077
4098
4078
4099
4079
4100
4080
4101
4081
4102
4082
4103
4083
4104
4084
4105
4085
4106
4086
4107
4087
4108
4088
4109
4089
4110
4090
4111
4091
4112
4113
4093
4114
4921
4094
4115
4095
4116
4096
4117
4097
4118
4098
4119
4099
4120
4100
4121
4101
4122
4102
4123
4103
4124
4104
4125
4105
4126
4106
4127
4107
4128
4108
4129
4109
4130
4110
4131
4111
4132
4112
4133
4113
4134
4135
4115
4136
4927
4116
4137
4117
4138
4118
4139
4119
4140
4120
4141
4121
4142
4122
4143
4123
4144
4124
4145
4125
4146
4126
4147
4127
4148
4128
4149
4129
4150
4130
4151
4131
4152
4132
4153
4133
4154
4134
4155
4135
4156
4157
4137
4158
4933
4138
4159
4139
4160
4140
4161
4141
4162
4142
4163
4143
4164
4144
4165
4145
4166
4146
4167
4147
4168
4148
4169
4149
4170
4150
4171
4151
4172
4152
4173
4153
4174
4154
4175
4155
4176
4156
4177
4157
4178
4179
4159
4180
4939
4160
4181
4161
4182
4162
4183
4163
4184
4164
4185
4165
4186
4166
4187
4167
4188
4168
4189
4169
4190
4170
4191
4171
4192
4172
4193
4173
4194
4174
4195
4175
4196
4176
4197
4177
4198
4178
4199
4179
4200
4201
4181
4202
4945
4182
4203
4183
4204
4184
4205
4185
4206
4186
4207
4187
4208
4188
4209
4189
4210
4190
4211
4191
4212
4192
4213
4193
4214
4194
4215
4195
4216
4196
4217
4197
4218
4198
4219
4199
4220
4200
4221
4201
4222
4223
4203
4224
4951
4204
4225
4205
4226
4206
4227
4207
4228
4208
4229
4209
4230
4210
4231
4211
4232
4212
4233
4213
4234
4214
4235
4215
4236
4216
4237
4217
4238
4218
4239
4219
4240
4220
4241
4221
4242
4222
4243
4223
4244
4245
4225
4246
4957
4226
4247
4227
4248
4228
4249
4229
4250
4230
4251
4231
4252
4232
4253
4233
4254
4234
4255
4235
4256
4236
4257
4237
4258
4238
4259
4239
4260
4240
4261
4241
4262
4242
4263
4243
4264
4244
4265
4245
4266
4267
4247
4268
4963
4248
4269
4249
4270
4250
4271
4251
4272
4252
4273
4253
4274
4254
4275
4255
4276
4256
4277
4257
4278
4258
4279
4259
4280
4260
4281
4261
4282
4262
4283
4263
4284
4264
4285
4265
4286
4266
4287
4267
4288
4289
4269
4290
4969
4270
4291
4271
4292
4272
4293
4273
4294
4274
4295
4275
4296
4276
4297
4277
4298
4278
4299
4279
4300
4280
4301
4281
4302
4282
4303
4283
4304
4284
4305
4285
4306
4286
4307
4287
4308
4288
4309
4289
4310
4311
4291
4312
4975
4292
4313
4293
4314
4294
4315
4295
4316
4296
4317
4297
4318
4298
4319
4299
4320
4300
4321
4301
4322
4302
4323
4303
4324
4304
4325
4305
4326
4306
4327
4307
4328
4308
4329
4309
4330
4310
4331
4311
4332
4333
4313
4334
4981
4314
4335
4315
4336
4316
4337
4317
4338
4318
4339
4319
4340
4320
4341
4321
4342
4322
4343
4323
4344
4324
4345
4325
4346
4326
4347
4327
4348
4328
4349
4329
4350
4330
4351
4331
4352
4332
4353
4333
4354
4355
4335
4356
4987
4336
4357
4337
4358
4338
4359
4339
4360
4340
4361
4341
4362
4342
4363
4343
4364
4344
4365
4345
4366
4346
4367
4347
4368
4348
4369
4349
4370
4350
4371
4351
4372
4352
4373
4353
4374
4354
4375
4355
4376
4377
4357
4378
4993
4358
4379
4359
4380
4360
4381
4361
4382
4362
4383
4363
4384
4364
4385
4365
4386
4366
4387
4367
4388
4368
4389
4369
4390
4370
4391
4371
4392
4372
4393
4373
4394
4374
4395
4375
4396
4376
4397
4377
4398
4399
4379
4999
4380
4381
4382
4383
4384
4385
4386
4387
4388
4389
4390
4391
4392
4393
4394
4395
4396
4397
4398
4399
4401
4406
4402
4407
4403
4408
4404
4409
4405
4410
4411
4407
4412
4408
4413
4409
4414
4410
4415
4411
4416
4417
4413
4418
4414
4419
4415
4420
4416
4421
4417
4422
4423
4419
4424
4420
4425
4421
4426
4422
4427
4423
4428
4429
4425
4430
4426
4431
4427
4432
4428
4433
4429
4434
4435
4431
4436
4432
4437
4433
4438
4434
4439
4435
4440
4441
4437
4442
4438
4443
4439
4444
4440
4445
4441
4446
4447
4443
4448
4444
4449
4445
4450
4446
4451
4447
4452
4453
4449
4454
4450
4455
4451
4456
4452
4457
4453
4458
4459
4455
4460
4456
4461
4457
4462
4458
4463
4459
4464
4465
4461
4466
4462
4467
4463
4468
4464
4469
4465
4470
4471
4467
4472
4468
4473
4469
4474
4470
4475
4471
4476
4477
4473
4478
4474
4479
4475
4480
4476
4481
4477
4482
4483
4479
4484
4480
4485
4481
4486
4482
4487
4483
4488
4489
4485
4490
4486
4491
4487
4492
4488
4493
4489
4494
4495
4491
4496
4492
4497
4493
4498
4494
4499
4495
4500
4501
4497
4502
4498
4503
4499
4504
4500
4505
4501
4506
4507
4503
4508
4504
4509
4505
4510
4506
4511
4507
4512
4513
4509
4514
4510
4515
4511
4516
4512
4517
4513
4518
4519
4515
4520
4516
4521
4517
4522
4518
4523
4519
4524
4525
4521
4526
4522
4527
4523
4528
4524
4529
4525
4530
4531
4527
4532
4528
4533
4529
4534
4530
4535
4531
4536
4537
4533
4538
4534
4539
4535
4540
4536
4541
4537
4542
4543
4539
4544
4540
4545
4541
4546
4542
4547
4543
4548
4549
4545
4550
4546
4551
4547
4552
4548
4553
4549
4554
4555
4551
4556
4552
4557
4553
4558
4554
4559
4555
4560
4561
4557
4562
4558
4563
4559
4564
4560
4565
4561
4566
4567
4563
4568
4564
4569
4565
4570
4566
4571
4567
4572
4573
4569
4574
4570
4575
4571
4576
4572
4577
4573
4578
4579
4575
4580
4576
4581
4577
4582
4578
4583
4579
4584
4585
4581
4586
4582
4587
4583
4588
4584
4589
4585
4590
4591
4587
4592
4588
4593
4589
4594
4590
4595
4591
4596
4597
4593
4598
4594
4599
4595
4600
4596
4601
4597
4602
4603
4599
4604
4600
4605
4601
4606
4602
4607
4603
4608
4609
4605
4610
4606
4611
4607
4612
4608
4613
4609
4614
4615
4611
4616
4612
4617
4613
4618
4614
4619
4615
4620
4621
4617
4622
4618
4623
4619
4624
4620
4625
4621
4626
4627
4623
4628
4624
4629
4625
4630
4626
4631
4627
4632
4633
4629
4634
4630
4635
4631
4636
4632
4637
4633
4638
4639
4635
4640
4636
4641
4637
4642
4638
4643
4639
4644
4645
4641
4646
4642
4647
4643
4648
4644
4649
4645
4650
4651
4647
4652
4648
4653
4649
4654
4650
4655
4651
4656
4657
4653
4658
4654
4659
4655
4660
4656
4661
4657
4662
4663
4659
4664
4660
4665
4661
4666
4662
4667
4663
4668
4669
4665
4670
4666
4671
4667
4672
4668
4673
4669
4674
4675
4671
4676
4672
4677
4673
4678
4674
4679
4675
4680
4681
4677
4682
4678
4683
4679
4684
4680
4685
4681
4686
4687
4683
4688
4684
4689
4685
4690
4686
4691
4687
4692
4693
4689
4694
4690
4695
4691
4696
4692
4697
4693
4698
4699
4695
4700
4696
4701
4697
4702
4698
4703
4699
4704
4705
4701
4706
4702
4707
4703
4708
4704
4709
4705
4710
4711
4707
4712
4708
4713
4709
4714
4710
4715
4711
4716
4717
4713
4718
4714
4719
4715
4720
4716
4721
4717
4722
4723
4719
4724
4720
4725
4721
4726
4722
4727
4723
4728
4729
4725
4730
4726
4731
4727
4732
4728
4733
4729
4734
4735
4731
4736
4732
4737
4733
4738
4734
4739
4735
4740
4741
4737
4742
4738
4743
4739
4744
4740
4745
4741
4746
4747
4743
4748
4744
4749
4745
4750
4746
4751
4747
4752
4753
4749
4754
4750
4755
4751
4756
4752
4757
4753
4758
4759
4755
4760
4756
4761
4757
4762
4758
4763
4759
4764
4765
4761
4766
4762
4767
4763
4768
4764
4769
4765
4770
4771
4767
4772
4768
4773
4769
4774
4770
4775
4771
4776
4777
4773
4778
4774
4779
4775
4780
4776
4781
4777
4782
4783
4779
4784
4780
4785
4781
4786
4782
4787
4783
4788
4789
4785
4790
4786
4791
4787
4792
4788
4793
4789
4794
4795
4791
4796
4792
4797
4793
4798
4794
4799
4795
4800
4801
4797
4802
4798
4803
4799
4804
4800
4805
4801
4806
4807
4803
4808
4804
4809
4805
4810
4806
4811
4807
4812
4813
4809
4814
4810
4815
4811
4816
4812
4817
4813
4818
4819
4815
4820
4816
4821
4817
4822
4818
4823
4819
4824
4825
4821
4826
4822
4827
4823
4828
4824
4829
4825
4830
4831
4827
4832
4828
4833
4829
4834
4830
4835
4831
4836
4837
4833
4838
4834
4839
4835
4840
4836
4841
4837
4842
4843
4839
4844
4840
4845
4841
4846
4842
4847
4843
4848
4849
4845
4850
4846
4851
4847
4852
4848
4853
4849
4854
4855
4851
4856
4852
4857
4853
4858
4854
4859
4855
4860
4861
4857
4862
4858
4863
4859
4864
4860
4865
4861
4866
4867
4863
4868
4864
4869
4865
4870
4866
4871
4867
4872
4873
4869
4874
4870
4875
4871
4876
4872
4877
4873
4878
4879
4875
4880
4876
4881
4877
4882
4878
4883
4879
4884
4885
4881
4886
4882
4887
4883
4888
4884
4889
4885
4890
4891
4887
4892
4888
4893
4889
4894
4890
4895
4891
4896
4897
4893
4898
4894
4899
4895
4900
4896
4901
4897
4902
4903
4899
4904
4900
4905
4901
4906
4902
4907
4903
4908
4909
4905
4910
4906
4911
4907
4912
4908
4913
4909
4914
4915
4911
4916
4912
4917
4913
4918
4914
4919
4915
4920
4921
4917
4922
4918
4923
4919
4924
4920
4925
4921
4926
4927
4923
4928
4924
4929
4925
4930
4926
4931
4927
4932
4933
4929
4934
4930
4935
4931
4936
4932
4937
4933
4938
4939
4935
4940
4936
4941
4937
4942
4938
4943
4939
4944
4945
4941
4946
4942
4947
4943
4948
4944
4949
4945
4950
4951
4947
4952
4948
4953
4949
4954
4950
4955
4951
4956
4957
4953
4958
4954
4959
4955
4960
4956
4961
4957
4962
4963
4959
4964
4960
4965
4961
4966
4962
4967
4963
4968
4969
4965
4970
4966
4971
4967
4972
4968
4973
4969
4974
4975
4971
4976
4972
4977
4973
4978
4974
4979
4975
4980
4981
4977
4982
4978
4983
4979
4984
4980
4985
4981
4986
4987
4983
4988
4984
4989
4985
4990
4986
4991
4987
4992
4993
4989
4994
4990
4995
4991
4996
4992
4997
4993
4998
4999
4995
4996
4997
4998
4999
)


// ************************************************************************* //
