/*--------------------------------*- C++ -*----------------------------------*\
  =========                 |
  \\      /  F ield         | OpenFOAM: The Open Source CFD Toolbox
   \\    /   O peration     | Website:  https://openfoam.org
    \\  /    A nd           | Version:  6
     \\/     M anipulation  |
\*---------------------------------------------------------------------------*/
FoamFile
{
    version     2.0;
    format      ascii;
    class       faceSet;
    location    "constant/polyMesh/sets";
    object      lower;
}
// * * * * * * * * * * * * * * * * * * * * * * * * * * * * * * * * * * * * * //


4800
(
38880 
38881 
38882 
38883 
38884 
38885 
38886 
38887 
38888 
38889 
38890 
38891 
38892 
38893 
38894 
38895 
38896 
38897 
38898 
38899 
38900 
38901 
38902 
38903 
38904 
38905 
38906 
38907 
38908 
38909 
38910 
38911 
38912 
38913 
38914 
38915 
38916 
38917 
38918 
38919 
38920 
38921 
38922 
38923 
38924 
38925 
38926 
38927 
38928 
38929 
38930 
38931 
38932 
38933 
38934 
38935 
38936 
38937 
38938 
38939 
38940 
38941 
38942 
38943 
38944 
38945 
38946 
38947 
38948 
38949 
38950 
38951 
38952 
38953 
38954 
38955 
38956 
38957 
38958 
38959 
38960 
38961 
38962 
38963 
38964 
38965 
38966 
38967 
38968 
38969 
38970 
38971 
38972 
38973 
38974 
38975 
38976 
38977 
38978 
38979 
38980 
38981 
38982 
38983 
38984 
38985 
38986 
38987 
38988 
38989 
38990 
38991 
38992 
38993 
38994 
38995 
38996 
38997 
38998 
38999 
39000 
39001 
39002 
39003 
39004 
39005 
39006 
39007 
39008 
39009 
39010 
39011 
39012 
39013 
39014 
39015 
39016 
39017 
39018 
39019 
39020 
39021 
39022 
39023 
39024 
39025 
39026 
39027 
39028 
39029 
39030 
39031 
39032 
39033 
39034 
39035 
39036 
39037 
39038 
39039 
39040 
39041 
39042 
39043 
39044 
39045 
39046 
39047 
39048 
39049 
39050 
39051 
39052 
39053 
39054 
39055 
39056 
39057 
39058 
39059 
39060 
39061 
39062 
39063 
39064 
39065 
39066 
39067 
39068 
39069 
39070 
39071 
39072 
39073 
39074 
39075 
39076 
39077 
39078 
39079 
39280 
39281 
39282 
39283 
39284 
39285 
39286 
39287 
39288 
39289 
39290 
39291 
39292 
39293 
39294 
39295 
39296 
39297 
39298 
39299 
39300 
39301 
39302 
39303 
39304 
39305 
39306 
39307 
39308 
39309 
39310 
39311 
39312 
39313 
39314 
39315 
39316 
39317 
39318 
39319 
39320 
39321 
39322 
39323 
39324 
39325 
39326 
39327 
39328 
39329 
39330 
39331 
39332 
39333 
39334 
39335 
39336 
39337 
39338 
39339 
39340 
39341 
39342 
39343 
39344 
39345 
39346 
39347 
39348 
39349 
39350 
39351 
39352 
39353 
39354 
39355 
39356 
39357 
39358 
39359 
39360 
39361 
39362 
39363 
39364 
39365 
39366 
39367 
39368 
39369 
39370 
39371 
39372 
39373 
39374 
39375 
39376 
39377 
39378 
39379 
39380 
39381 
39382 
39383 
39384 
39385 
39386 
39387 
39388 
39389 
39390 
39391 
39392 
39393 
39394 
39395 
39396 
39397 
39398 
39399 
39400 
39401 
39402 
39403 
39404 
39405 
39406 
39407 
39408 
39409 
39410 
39411 
39412 
39413 
39414 
39415 
39416 
39417 
39418 
39419 
39420 
39421 
39422 
39423 
39424 
39425 
39426 
39427 
39428 
39429 
39430 
39431 
39432 
39433 
39434 
39435 
39436 
39437 
39438 
39439 
39440 
39441 
39442 
39443 
39444 
39445 
39446 
39447 
39448 
39449 
39450 
39451 
39452 
39453 
39454 
39455 
39456 
39457 
39458 
39459 
39460 
39461 
39462 
39463 
39464 
39465 
39466 
39467 
39468 
39469 
39470 
39471 
39472 
39473 
39474 
39475 
39476 
39477 
39478 
39479 
39680 
39681 
39682 
39683 
39684 
39685 
39686 
39687 
39688 
39689 
39690 
39691 
39692 
39693 
39694 
39695 
39696 
39697 
39698 
39699 
39700 
39701 
39702 
39703 
39704 
39705 
39706 
39707 
39708 
39709 
39710 
39711 
39712 
39713 
39714 
39715 
39716 
39717 
39718 
39719 
39720 
39721 
39722 
39723 
39724 
39725 
39726 
39727 
39728 
39729 
39730 
39731 
39732 
39733 
39734 
39735 
39736 
39737 
39738 
39739 
39740 
39741 
39742 
39743 
39744 
39745 
39746 
39747 
39748 
39749 
39750 
39751 
39752 
39753 
39754 
39755 
39756 
39757 
39758 
39759 
39760 
39761 
39762 
39763 
39764 
39765 
39766 
39767 
39768 
39769 
39770 
39771 
39772 
39773 
39774 
39775 
39776 
39777 
39778 
39779 
39780 
39781 
39782 
39783 
39784 
39785 
39786 
39787 
39788 
39789 
39790 
39791 
39792 
39793 
39794 
39795 
39796 
39797 
39798 
39799 
39800 
39801 
39802 
39803 
39804 
39805 
39806 
39807 
39808 
39809 
39810 
39811 
39812 
39813 
39814 
39815 
39816 
39817 
39818 
39819 
39820 
39821 
39822 
39823 
39824 
39825 
39826 
39827 
39828 
39829 
39830 
39831 
39832 
39833 
39834 
39835 
39836 
39837 
39838 
39839 
39840 
39841 
39842 
39843 
39844 
39845 
39846 
39847 
39848 
39849 
39850 
39851 
39852 
39853 
39854 
39855 
39856 
39857 
39858 
39859 
39860 
39861 
39862 
39863 
39864 
39865 
39866 
39867 
39868 
39869 
39870 
39871 
39872 
39873 
39874 
39875 
39876 
39877 
39878 
39879 
40080 
40081 
40082 
40083 
40084 
40085 
40086 
40087 
40088 
40089 
40090 
40091 
40092 
40093 
40094 
40095 
40096 
40097 
40098 
40099 
40100 
40101 
40102 
40103 
40104 
40105 
40106 
40107 
40108 
40109 
40110 
40111 
40112 
40113 
40114 
40115 
40116 
40117 
40118 
40119 
40120 
40121 
40122 
40123 
40124 
40125 
40126 
40127 
40128 
40129 
40130 
40131 
40132 
40133 
40134 
40135 
40136 
40137 
40138 
40139 
40140 
40141 
40142 
40143 
40144 
40145 
40146 
40147 
40148 
40149 
40150 
40151 
40152 
40153 
40154 
40155 
40156 
40157 
40158 
40159 
40160 
40161 
40162 
40163 
40164 
40165 
40166 
40167 
40168 
40169 
40170 
40171 
40172 
40173 
40174 
40175 
40176 
40177 
40178 
40179 
40180 
40181 
40182 
40183 
40184 
40185 
40186 
40187 
40188 
40189 
40190 
40191 
40192 
40193 
40194 
40195 
40196 
40197 
40198 
40199 
40200 
40201 
40202 
40203 
40204 
40205 
40206 
40207 
40208 
40209 
40210 
40211 
40212 
40213 
40214 
40215 
40216 
40217 
40218 
40219 
40220 
40221 
40222 
40223 
40224 
40225 
40226 
40227 
40228 
40229 
40230 
40231 
40232 
40233 
40234 
40235 
40236 
40237 
40238 
40239 
40240 
40241 
40242 
40243 
40244 
40245 
40246 
40247 
40248 
40249 
40250 
40251 
40252 
40253 
40254 
40255 
40256 
40257 
40258 
40259 
40260 
40261 
40262 
40263 
40264 
40265 
40266 
40267 
40268 
40269 
40270 
40271 
40272 
40273 
40274 
40275 
40276 
40277 
40278 
40279 
40280 
40281 
40282 
40283 
40284 
40285 
40286 
40287 
40288 
40289 
40290 
40291 
40292 
40293 
40294 
40295 
40296 
40297 
40298 
40299 
40300 
40301 
40302 
40303 
40304 
40305 
40306 
40307 
40308 
40309 
40310 
40311 
40312 
40313 
40314 
40315 
40316 
40317 
40318 
40319 
40320 
40321 
40322 
40323 
40324 
40325 
40326 
40327 
40328 
40329 
40330 
40331 
40332 
40333 
40334 
40335 
40336 
40337 
40338 
40339 
40340 
40341 
40342 
40343 
40344 
40345 
40346 
40347 
40348 
40349 
40350 
40351 
40352 
40353 
40354 
40355 
40356 
40357 
40358 
40359 
40360 
40361 
40362 
40363 
40364 
40365 
40366 
40367 
40368 
40369 
40370 
40371 
40372 
40373 
40374 
40375 
40376 
40377 
40378 
40379 
40380 
40381 
40382 
40383 
40384 
40385 
40386 
40387 
40388 
40389 
40390 
40391 
40392 
40393 
40394 
40395 
40396 
40397 
40398 
40399 
40400 
40401 
40402 
40403 
40404 
40405 
40406 
40407 
40408 
40409 
40410 
40411 
40412 
40413 
40414 
40415 
40416 
40417 
40418 
40419 
40420 
40421 
40422 
40423 
40424 
40425 
40426 
40427 
40428 
40429 
40430 
40431 
40432 
40433 
40434 
40435 
40436 
40437 
40438 
40439 
40440 
40441 
40442 
40443 
40444 
40445 
40446 
40447 
40448 
40449 
40450 
40451 
40452 
40453 
40454 
40455 
40456 
40457 
40458 
40459 
40460 
40461 
40462 
40463 
40464 
40465 
40466 
40467 
40468 
40469 
40470 
40471 
40472 
40473 
40474 
40475 
40476 
40477 
40478 
40479 
40880 
40881 
40882 
40883 
40884 
40885 
40886 
40887 
40888 
40889 
40890 
40891 
40892 
40893 
40894 
40895 
40896 
40897 
40898 
40899 
40900 
40901 
40902 
40903 
40904 
40905 
40906 
40907 
40908 
40909 
40910 
40911 
40912 
40913 
40914 
40915 
40916 
40917 
40918 
40919 
40920 
40921 
40922 
40923 
40924 
40925 
40926 
40927 
40928 
40929 
40930 
40931 
40932 
40933 
40934 
40935 
40936 
40937 
40938 
40939 
40940 
40941 
40942 
40943 
40944 
40945 
40946 
40947 
40948 
40949 
40950 
40951 
40952 
40953 
40954 
40955 
40956 
40957 
40958 
40959 
40960 
40961 
40962 
40963 
40964 
40965 
40966 
40967 
40968 
40969 
40970 
40971 
40972 
40973 
40974 
40975 
40976 
40977 
40978 
40979 
40980 
40981 
40982 
40983 
40984 
40985 
40986 
40987 
40988 
40989 
40990 
40991 
40992 
40993 
40994 
40995 
40996 
40997 
40998 
40999 
41000 
41001 
41002 
41003 
41004 
41005 
41006 
41007 
41008 
41009 
41010 
41011 
41012 
41013 
41014 
41015 
41016 
41017 
41018 
41019 
41020 
41021 
41022 
41023 
41024 
41025 
41026 
41027 
41028 
41029 
41030 
41031 
41032 
41033 
41034 
41035 
41036 
41037 
41038 
41039 
41040 
41041 
41042 
41043 
41044 
41045 
41046 
41047 
41048 
41049 
41050 
41051 
41052 
41053 
41054 
41055 
41056 
41057 
41058 
41059 
41060 
41061 
41062 
41063 
41064 
41065 
41066 
41067 
41068 
41069 
41070 
41071 
41072 
41073 
41074 
41075 
41076 
41077 
41078 
41079 
41280 
41281 
41282 
41283 
41284 
41285 
41286 
41287 
41288 
41289 
41290 
41291 
41292 
41293 
41294 
41295 
41296 
41297 
41298 
41299 
41300 
41301 
41302 
41303 
41304 
41305 
41306 
41307 
41308 
41309 
41310 
41311 
41312 
41313 
41314 
41315 
41316 
41317 
41318 
41319 
41320 
41321 
41322 
41323 
41324 
41325 
41326 
41327 
41328 
41329 
41330 
41331 
41332 
41333 
41334 
41335 
41336 
41337 
41338 
41339 
41340 
41341 
41342 
41343 
41344 
41345 
41346 
41347 
41348 
41349 
41350 
41351 
41352 
41353 
41354 
41355 
41356 
41357 
41358 
41359 
41360 
41361 
41362 
41363 
41364 
41365 
41366 
41367 
41368 
41369 
41370 
41371 
41372 
41373 
41374 
41375 
41376 
41377 
41378 
41379 
41380 
41381 
41382 
41383 
41384 
41385 
41386 
41387 
41388 
41389 
41390 
41391 
41392 
41393 
41394 
41395 
41396 
41397 
41398 
41399 
41400 
41401 
41402 
41403 
41404 
41405 
41406 
41407 
41408 
41409 
41410 
41411 
41412 
41413 
41414 
41415 
41416 
41417 
41418 
41419 
41420 
41421 
41422 
41423 
41424 
41425 
41426 
41427 
41428 
41429 
41430 
41431 
41432 
41433 
41434 
41435 
41436 
41437 
41438 
41439 
41440 
41441 
41442 
41443 
41444 
41445 
41446 
41447 
41448 
41449 
41450 
41451 
41452 
41453 
41454 
41455 
41456 
41457 
41458 
41459 
41460 
41461 
41462 
41463 
41464 
41465 
41466 
41467 
41468 
41469 
41470 
41471 
41472 
41473 
41474 
41475 
41476 
41477 
41478 
41479 
41680 
41681 
41682 
41683 
41684 
41685 
41686 
41687 
41688 
41689 
41690 
41691 
41692 
41693 
41694 
41695 
41696 
41697 
41698 
41699 
41700 
41701 
41702 
41703 
41704 
41705 
41706 
41707 
41708 
41709 
41710 
41711 
41712 
41713 
41714 
41715 
41716 
41717 
41718 
41719 
41720 
41721 
41722 
41723 
41724 
41725 
41726 
41727 
41728 
41729 
41730 
41731 
41732 
41733 
41734 
41735 
41736 
41737 
41738 
41739 
41740 
41741 
41742 
41743 
41744 
41745 
41746 
41747 
41748 
41749 
41750 
41751 
41752 
41753 
41754 
41755 
41756 
41757 
41758 
41759 
41760 
41761 
41762 
41763 
41764 
41765 
41766 
41767 
41768 
41769 
41770 
41771 
41772 
41773 
41774 
41775 
41776 
41777 
41778 
41779 
41780 
41781 
41782 
41783 
41784 
41785 
41786 
41787 
41788 
41789 
41790 
41791 
41792 
41793 
41794 
41795 
41796 
41797 
41798 
41799 
41800 
41801 
41802 
41803 
41804 
41805 
41806 
41807 
41808 
41809 
41810 
41811 
41812 
41813 
41814 
41815 
41816 
41817 
41818 
41819 
41820 
41821 
41822 
41823 
41824 
41825 
41826 
41827 
41828 
41829 
41830 
41831 
41832 
41833 
41834 
41835 
41836 
41837 
41838 
41839 
41840 
41841 
41842 
41843 
41844 
41845 
41846 
41847 
41848 
41849 
41850 
41851 
41852 
41853 
41854 
41855 
41856 
41857 
41858 
41859 
41860 
41861 
41862 
41863 
41864 
41865 
41866 
41867 
41868 
41869 
41870 
41871 
41872 
41873 
41874 
41875 
41876 
41877 
41878 
41879 
42080 
42081 
42082 
42083 
42084 
42085 
42086 
42087 
42088 
42089 
42090 
42091 
42092 
42093 
42094 
42095 
42096 
42097 
42098 
42099 
42100 
42101 
42102 
42103 
42104 
42105 
42106 
42107 
42108 
42109 
42110 
42111 
42112 
42113 
42114 
42115 
42116 
42117 
42118 
42119 
42120 
42121 
42122 
42123 
42124 
42125 
42126 
42127 
42128 
42129 
42130 
42131 
42132 
42133 
42134 
42135 
42136 
42137 
42138 
42139 
42140 
42141 
42142 
42143 
42144 
42145 
42146 
42147 
42148 
42149 
42150 
42151 
42152 
42153 
42154 
42155 
42156 
42157 
42158 
42159 
42160 
42161 
42162 
42163 
42164 
42165 
42166 
42167 
42168 
42169 
42170 
42171 
42172 
42173 
42174 
42175 
42176 
42177 
42178 
42179 
42180 
42181 
42182 
42183 
42184 
42185 
42186 
42187 
42188 
42189 
42190 
42191 
42192 
42193 
42194 
42195 
42196 
42197 
42198 
42199 
42200 
42201 
42202 
42203 
42204 
42205 
42206 
42207 
42208 
42209 
42210 
42211 
42212 
42213 
42214 
42215 
42216 
42217 
42218 
42219 
42220 
42221 
42222 
42223 
42224 
42225 
42226 
42227 
42228 
42229 
42230 
42231 
42232 
42233 
42234 
42235 
42236 
42237 
42238 
42239 
42240 
42241 
42242 
42243 
42244 
42245 
42246 
42247 
42248 
42249 
42250 
42251 
42252 
42253 
42254 
42255 
42256 
42257 
42258 
42259 
42260 
42261 
42262 
42263 
42264 
42265 
42266 
42267 
42268 
42269 
42270 
42271 
42272 
42273 
42274 
42275 
42276 
42277 
42278 
42279 
42480 
42481 
42482 
42483 
42484 
42485 
42486 
42487 
42488 
42489 
42490 
42491 
42492 
42493 
42494 
42495 
42496 
42497 
42498 
42499 
42500 
42501 
42502 
42503 
42504 
42505 
42506 
42507 
42508 
42509 
42510 
42511 
42512 
42513 
42514 
42515 
42516 
42517 
42518 
42519 
42520 
42521 
42522 
42523 
42524 
42525 
42526 
42527 
42528 
42529 
42530 
42531 
42532 
42533 
42534 
42535 
42536 
42537 
42538 
42539 
42540 
42541 
42542 
42543 
42544 
42545 
42546 
42547 
42548 
42549 
42550 
42551 
42552 
42553 
42554 
42555 
42556 
42557 
42558 
42559 
42560 
42561 
42562 
42563 
42564 
42565 
42566 
42567 
42568 
42569 
42570 
42571 
42572 
42573 
42574 
42575 
42576 
42577 
42578 
42579 
42580 
42581 
42582 
42583 
42584 
42585 
42586 
42587 
42588 
42589 
42590 
42591 
42592 
42593 
42594 
42595 
42596 
42597 
42598 
42599 
42600 
42601 
42602 
42603 
42604 
42605 
42606 
42607 
42608 
42609 
42610 
42611 
42612 
42613 
42614 
42615 
42616 
42617 
42618 
42619 
42620 
42621 
42622 
42623 
42624 
42625 
42626 
42627 
42628 
42629 
42630 
42631 
42632 
42633 
42634 
42635 
42636 
42637 
42638 
42639 
42640 
42641 
42642 
42643 
42644 
42645 
42646 
42647 
42648 
42649 
42650 
42651 
42652 
42653 
42654 
42655 
42656 
42657 
42658 
42659 
42660 
42661 
42662 
42663 
42664 
42665 
42666 
42667 
42668 
42669 
42670 
42671 
42672 
42673 
42674 
42675 
42676 
42677 
42678 
42679 
42680 
42681 
42682 
42683 
42684 
42685 
42686 
42687 
42688 
42689 
42690 
42691 
42692 
42693 
42694 
42695 
42696 
42697 
42698 
42699 
42700 
42701 
42702 
42703 
42704 
42705 
42706 
42707 
42708 
42709 
42710 
42711 
42712 
42713 
42714 
42715 
42716 
42717 
42718 
42719 
42720 
42721 
42722 
42723 
42724 
42725 
42726 
42727 
42728 
42729 
42730 
42731 
42732 
42733 
42734 
42735 
42736 
42737 
42738 
42739 
42740 
42741 
42742 
42743 
42744 
42745 
42746 
42747 
42748 
42749 
42750 
42751 
42752 
42753 
42754 
42755 
42756 
42757 
42758 
42759 
42760 
42761 
42762 
42763 
42764 
42765 
42766 
42767 
42768 
42769 
42770 
42771 
42772 
42773 
42774 
42775 
42776 
42777 
42778 
42779 
42780 
42781 
42782 
42783 
42784 
42785 
42786 
42787 
42788 
42789 
42790 
42791 
42792 
42793 
42794 
42795 
42796 
42797 
42798 
42799 
42800 
42801 
42802 
42803 
42804 
42805 
42806 
42807 
42808 
42809 
42810 
42811 
42812 
42813 
42814 
42815 
42816 
42817 
42818 
42819 
42820 
42821 
42822 
42823 
42824 
42825 
42826 
42827 
42828 
42829 
42830 
42831 
42832 
42833 
42834 
42835 
42836 
42837 
42838 
42839 
42840 
42841 
42842 
42843 
42844 
42845 
42846 
42847 
42848 
42849 
42850 
42851 
42852 
42853 
42854 
42855 
42856 
42857 
42858 
42859 
42860 
42861 
42862 
42863 
42864 
42865 
42866 
42867 
42868 
42869 
42870 
42871 
42872 
42873 
42874 
42875 
42876 
42877 
42878 
42879 
43280 
43281 
43282 
43283 
43284 
43285 
43286 
43287 
43288 
43289 
43290 
43291 
43292 
43293 
43294 
43295 
43296 
43297 
43298 
43299 
43300 
43301 
43302 
43303 
43304 
43305 
43306 
43307 
43308 
43309 
43310 
43311 
43312 
43313 
43314 
43315 
43316 
43317 
43318 
43319 
43320 
43321 
43322 
43323 
43324 
43325 
43326 
43327 
43328 
43329 
43330 
43331 
43332 
43333 
43334 
43335 
43336 
43337 
43338 
43339 
43340 
43341 
43342 
43343 
43344 
43345 
43346 
43347 
43348 
43349 
43350 
43351 
43352 
43353 
43354 
43355 
43356 
43357 
43358 
43359 
43360 
43361 
43362 
43363 
43364 
43365 
43366 
43367 
43368 
43369 
43370 
43371 
43372 
43373 
43374 
43375 
43376 
43377 
43378 
43379 
43380 
43381 
43382 
43383 
43384 
43385 
43386 
43387 
43388 
43389 
43390 
43391 
43392 
43393 
43394 
43395 
43396 
43397 
43398 
43399 
43400 
43401 
43402 
43403 
43404 
43405 
43406 
43407 
43408 
43409 
43410 
43411 
43412 
43413 
43414 
43415 
43416 
43417 
43418 
43419 
43420 
43421 
43422 
43423 
43424 
43425 
43426 
43427 
43428 
43429 
43430 
43431 
43432 
43433 
43434 
43435 
43436 
43437 
43438 
43439 
43440 
43441 
43442 
43443 
43444 
43445 
43446 
43447 
43448 
43449 
43450 
43451 
43452 
43453 
43454 
43455 
43456 
43457 
43458 
43459 
43460 
43461 
43462 
43463 
43464 
43465 
43466 
43467 
43468 
43469 
43470 
43471 
43472 
43473 
43474 
43475 
43476 
43477 
43478 
43479 
43680 
43681 
43682 
43683 
43684 
43685 
43686 
43687 
43688 
43689 
43690 
43691 
43692 
43693 
43694 
43695 
43696 
43697 
43698 
43699 
43700 
43701 
43702 
43703 
43704 
43705 
43706 
43707 
43708 
43709 
43710 
43711 
43712 
43713 
43714 
43715 
43716 
43717 
43718 
43719 
43720 
43721 
43722 
43723 
43724 
43725 
43726 
43727 
43728 
43729 
43730 
43731 
43732 
43733 
43734 
43735 
43736 
43737 
43738 
43739 
43740 
43741 
43742 
43743 
43744 
43745 
43746 
43747 
43748 
43749 
43750 
43751 
43752 
43753 
43754 
43755 
43756 
43757 
43758 
43759 
43760 
43761 
43762 
43763 
43764 
43765 
43766 
43767 
43768 
43769 
43770 
43771 
43772 
43773 
43774 
43775 
43776 
43777 
43778 
43779 
43780 
43781 
43782 
43783 
43784 
43785 
43786 
43787 
43788 
43789 
43790 
43791 
43792 
43793 
43794 
43795 
43796 
43797 
43798 
43799 
43800 
43801 
43802 
43803 
43804 
43805 
43806 
43807 
43808 
43809 
43810 
43811 
43812 
43813 
43814 
43815 
43816 
43817 
43818 
43819 
43820 
43821 
43822 
43823 
43824 
43825 
43826 
43827 
43828 
43829 
43830 
43831 
43832 
43833 
43834 
43835 
43836 
43837 
43838 
43839 
43840 
43841 
43842 
43843 
43844 
43845 
43846 
43847 
43848 
43849 
43850 
43851 
43852 
43853 
43854 
43855 
43856 
43857 
43858 
43859 
43860 
43861 
43862 
43863 
43864 
43865 
43866 
43867 
43868 
43869 
43870 
43871 
43872 
43873 
43874 
43875 
43876 
43877 
43878 
43879 
44080 
44081 
44082 
44083 
44084 
44085 
44086 
44087 
44088 
44089 
44090 
44091 
44092 
44093 
44094 
44095 
44096 
44097 
44098 
44099 
44100 
44101 
44102 
44103 
44104 
44105 
44106 
44107 
44108 
44109 
44110 
44111 
44112 
44113 
44114 
44115 
44116 
44117 
44118 
44119 
44120 
44121 
44122 
44123 
44124 
44125 
44126 
44127 
44128 
44129 
44130 
44131 
44132 
44133 
44134 
44135 
44136 
44137 
44138 
44139 
44140 
44141 
44142 
44143 
44144 
44145 
44146 
44147 
44148 
44149 
44150 
44151 
44152 
44153 
44154 
44155 
44156 
44157 
44158 
44159 
44160 
44161 
44162 
44163 
44164 
44165 
44166 
44167 
44168 
44169 
44170 
44171 
44172 
44173 
44174 
44175 
44176 
44177 
44178 
44179 
44180 
44181 
44182 
44183 
44184 
44185 
44186 
44187 
44188 
44189 
44190 
44191 
44192 
44193 
44194 
44195 
44196 
44197 
44198 
44199 
44200 
44201 
44202 
44203 
44204 
44205 
44206 
44207 
44208 
44209 
44210 
44211 
44212 
44213 
44214 
44215 
44216 
44217 
44218 
44219 
44220 
44221 
44222 
44223 
44224 
44225 
44226 
44227 
44228 
44229 
44230 
44231 
44232 
44233 
44234 
44235 
44236 
44237 
44238 
44239 
44240 
44241 
44242 
44243 
44244 
44245 
44246 
44247 
44248 
44249 
44250 
44251 
44252 
44253 
44254 
44255 
44256 
44257 
44258 
44259 
44260 
44261 
44262 
44263 
44264 
44265 
44266 
44267 
44268 
44269 
44270 
44271 
44272 
44273 
44274 
44275 
44276 
44277 
44278 
44279 
44480 
44481 
44482 
44483 
44484 
44485 
44486 
44487 
44488 
44489 
44490 
44491 
44492 
44493 
44494 
44495 
44496 
44497 
44498 
44499 
44500 
44501 
44502 
44503 
44504 
44505 
44506 
44507 
44508 
44509 
44510 
44511 
44512 
44513 
44514 
44515 
44516 
44517 
44518 
44519 
44520 
44521 
44522 
44523 
44524 
44525 
44526 
44527 
44528 
44529 
44530 
44531 
44532 
44533 
44534 
44535 
44536 
44537 
44538 
44539 
44540 
44541 
44542 
44543 
44544 
44545 
44546 
44547 
44548 
44549 
44550 
44551 
44552 
44553 
44554 
44555 
44556 
44557 
44558 
44559 
44560 
44561 
44562 
44563 
44564 
44565 
44566 
44567 
44568 
44569 
44570 
44571 
44572 
44573 
44574 
44575 
44576 
44577 
44578 
44579 
44580 
44581 
44582 
44583 
44584 
44585 
44586 
44587 
44588 
44589 
44590 
44591 
44592 
44593 
44594 
44595 
44596 
44597 
44598 
44599 
44600 
44601 
44602 
44603 
44604 
44605 
44606 
44607 
44608 
44609 
44610 
44611 
44612 
44613 
44614 
44615 
44616 
44617 
44618 
44619 
44620 
44621 
44622 
44623 
44624 
44625 
44626 
44627 
44628 
44629 
44630 
44631 
44632 
44633 
44634 
44635 
44636 
44637 
44638 
44639 
44640 
44641 
44642 
44643 
44644 
44645 
44646 
44647 
44648 
44649 
44650 
44651 
44652 
44653 
44654 
44655 
44656 
44657 
44658 
44659 
44660 
44661 
44662 
44663 
44664 
44665 
44666 
44667 
44668 
44669 
44670 
44671 
44672 
44673 
44674 
44675 
44676 
44677 
44678 
44679 
44680 
44681 
44682 
44683 
44684 
44685 
44686 
44687 
44688 
44689 
44690 
44691 
44692 
44693 
44694 
44695 
44696 
44697 
44698 
44699 
44700 
44701 
44702 
44703 
44704 
44705 
44706 
44707 
44708 
44709 
44710 
44711 
44712 
44713 
44714 
44715 
44716 
44717 
44718 
44719 
44720 
44721 
44722 
44723 
44724 
44725 
44726 
44727 
44728 
44729 
44730 
44731 
44732 
44733 
44734 
44735 
44736 
44737 
44738 
44739 
44740 
44741 
44742 
44743 
44744 
44745 
44746 
44747 
44748 
44749 
44750 
44751 
44752 
44753 
44754 
44755 
44756 
44757 
44758 
44759 
44760 
44761 
44762 
44763 
44764 
44765 
44766 
44767 
44768 
44769 
44770 
44771 
44772 
44773 
44774 
44775 
44776 
44777 
44778 
44779 
44780 
44781 
44782 
44783 
44784 
44785 
44786 
44787 
44788 
44789 
44790 
44791 
44792 
44793 
44794 
44795 
44796 
44797 
44798 
44799 
44800 
44801 
44802 
44803 
44804 
44805 
44806 
44807 
44808 
44809 
44810 
44811 
44812 
44813 
44814 
44815 
44816 
44817 
44818 
44819 
44820 
44821 
44822 
44823 
44824 
44825 
44826 
44827 
44828 
44829 
44830 
44831 
44832 
44833 
44834 
44835 
44836 
44837 
44838 
44839 
44840 
44841 
44842 
44843 
44844 
44845 
44846 
44847 
44848 
44849 
44850 
44851 
44852 
44853 
44854 
44855 
44856 
44857 
44858 
44859 
44860 
44861 
44862 
44863 
44864 
44865 
44866 
44867 
44868 
44869 
44870 
44871 
44872 
44873 
44874 
44875 
44876 
44877 
44878 
44879 
45280 
45281 
45282 
45283 
45284 
45285 
45286 
45287 
45288 
45289 
45290 
45291 
45292 
45293 
45294 
45295 
45296 
45297 
45298 
45299 
45300 
45301 
45302 
45303 
45304 
45305 
45306 
45307 
45308 
45309 
45310 
45311 
45312 
45313 
45314 
45315 
45316 
45317 
45318 
45319 
45320 
45321 
45322 
45323 
45324 
45325 
45326 
45327 
45328 
45329 
45330 
45331 
45332 
45333 
45334 
45335 
45336 
45337 
45338 
45339 
45340 
45341 
45342 
45343 
45344 
45345 
45346 
45347 
45348 
45349 
45350 
45351 
45352 
45353 
45354 
45355 
45356 
45357 
45358 
45359 
45360 
45361 
45362 
45363 
45364 
45365 
45366 
45367 
45368 
45369 
45370 
45371 
45372 
45373 
45374 
45375 
45376 
45377 
45378 
45379 
45380 
45381 
45382 
45383 
45384 
45385 
45386 
45387 
45388 
45389 
45390 
45391 
45392 
45393 
45394 
45395 
45396 
45397 
45398 
45399 
45400 
45401 
45402 
45403 
45404 
45405 
45406 
45407 
45408 
45409 
45410 
45411 
45412 
45413 
45414 
45415 
45416 
45417 
45418 
45419 
45420 
45421 
45422 
45423 
45424 
45425 
45426 
45427 
45428 
45429 
45430 
45431 
45432 
45433 
45434 
45435 
45436 
45437 
45438 
45439 
45440 
45441 
45442 
45443 
45444 
45445 
45446 
45447 
45448 
45449 
45450 
45451 
45452 
45453 
45454 
45455 
45456 
45457 
45458 
45459 
45460 
45461 
45462 
45463 
45464 
45465 
45466 
45467 
45468 
45469 
45470 
45471 
45472 
45473 
45474 
45475 
45476 
45477 
45478 
45479 
45680 
45681 
45682 
45683 
45684 
45685 
45686 
45687 
45688 
45689 
45690 
45691 
45692 
45693 
45694 
45695 
45696 
45697 
45698 
45699 
45700 
45701 
45702 
45703 
45704 
45705 
45706 
45707 
45708 
45709 
45710 
45711 
45712 
45713 
45714 
45715 
45716 
45717 
45718 
45719 
45720 
45721 
45722 
45723 
45724 
45725 
45726 
45727 
45728 
45729 
45730 
45731 
45732 
45733 
45734 
45735 
45736 
45737 
45738 
45739 
45740 
45741 
45742 
45743 
45744 
45745 
45746 
45747 
45748 
45749 
45750 
45751 
45752 
45753 
45754 
45755 
45756 
45757 
45758 
45759 
45760 
45761 
45762 
45763 
45764 
45765 
45766 
45767 
45768 
45769 
45770 
45771 
45772 
45773 
45774 
45775 
45776 
45777 
45778 
45779 
45780 
45781 
45782 
45783 
45784 
45785 
45786 
45787 
45788 
45789 
45790 
45791 
45792 
45793 
45794 
45795 
45796 
45797 
45798 
45799 
45800 
45801 
45802 
45803 
45804 
45805 
45806 
45807 
45808 
45809 
45810 
45811 
45812 
45813 
45814 
45815 
45816 
45817 
45818 
45819 
45820 
45821 
45822 
45823 
45824 
45825 
45826 
45827 
45828 
45829 
45830 
45831 
45832 
45833 
45834 
45835 
45836 
45837 
45838 
45839 
45840 
45841 
45842 
45843 
45844 
45845 
45846 
45847 
45848 
45849 
45850 
45851 
45852 
45853 
45854 
45855 
45856 
45857 
45858 
45859 
45860 
45861 
45862 
45863 
45864 
45865 
45866 
45867 
45868 
45869 
45870 
45871 
45872 
45873 
45874 
45875 
45876 
45877 
45878 
45879 
46080 
46081 
46082 
46083 
46084 
46085 
46086 
46087 
46088 
46089 
46090 
46091 
46092 
46093 
46094 
46095 
46096 
46097 
46098 
46099 
46100 
46101 
46102 
46103 
46104 
46105 
46106 
46107 
46108 
46109 
46110 
46111 
46112 
46113 
46114 
46115 
46116 
46117 
46118 
46119 
46120 
46121 
46122 
46123 
46124 
46125 
46126 
46127 
46128 
46129 
46130 
46131 
46132 
46133 
46134 
46135 
46136 
46137 
46138 
46139 
46140 
46141 
46142 
46143 
46144 
46145 
46146 
46147 
46148 
46149 
46150 
46151 
46152 
46153 
46154 
46155 
46156 
46157 
46158 
46159 
46160 
46161 
46162 
46163 
46164 
46165 
46166 
46167 
46168 
46169 
46170 
46171 
46172 
46173 
46174 
46175 
46176 
46177 
46178 
46179 
46180 
46181 
46182 
46183 
46184 
46185 
46186 
46187 
46188 
46189 
46190 
46191 
46192 
46193 
46194 
46195 
46196 
46197 
46198 
46199 
46200 
46201 
46202 
46203 
46204 
46205 
46206 
46207 
46208 
46209 
46210 
46211 
46212 
46213 
46214 
46215 
46216 
46217 
46218 
46219 
46220 
46221 
46222 
46223 
46224 
46225 
46226 
46227 
46228 
46229 
46230 
46231 
46232 
46233 
46234 
46235 
46236 
46237 
46238 
46239 
46240 
46241 
46242 
46243 
46244 
46245 
46246 
46247 
46248 
46249 
46250 
46251 
46252 
46253 
46254 
46255 
46256 
46257 
46258 
46259 
46260 
46261 
46262 
46263 
46264 
46265 
46266 
46267 
46268 
46269 
46270 
46271 
46272 
46273 
46274 
46275 
46276 
46277 
46278 
46279 
46280 
46281 
46282 
46283 
46284 
46285 
46286 
46287 
46288 
46289 
46290 
46291 
46292 
46293 
46294 
46295 
46296 
46297 
46298 
46299 
46300 
46301 
46302 
46303 
46304 
46305 
46306 
46307 
46308 
46309 
46310 
46311 
46312 
46313 
46314 
46315 
46316 
46317 
46318 
46319 
46320 
46321 
46322 
46323 
46324 
46325 
46326 
46327 
46328 
46329 
46330 
46331 
46332 
46333 
46334 
46335 
46336 
46337 
46338 
46339 
46340 
46341 
46342 
46343 
46344 
46345 
46346 
46347 
46348 
46349 
46350 
46351 
46352 
46353 
46354 
46355 
46356 
46357 
46358 
46359 
46360 
46361 
46362 
46363 
46364 
46365 
46366 
46367 
46368 
46369 
46370 
46371 
46372 
46373 
46374 
46375 
46376 
46377 
46378 
46379 
46380 
46381 
46382 
46383 
46384 
46385 
46386 
46387 
46388 
46389 
46390 
46391 
46392 
46393 
46394 
46395 
46396 
46397 
46398 
46399 
46400 
46401 
46402 
46403 
46404 
46405 
46406 
46407 
46408 
46409 
46410 
46411 
46412 
46413 
46414 
46415 
46416 
46417 
46418 
46419 
46420 
46421 
46422 
46423 
46424 
46425 
46426 
46427 
46428 
46429 
46430 
46431 
46432 
46433 
46434 
46435 
46436 
46437 
46438 
46439 
46440 
46441 
46442 
46443 
46444 
46445 
46446 
46447 
46448 
46449 
46450 
46451 
46452 
46453 
46454 
46455 
46456 
46457 
46458 
46459 
46460 
46461 
46462 
46463 
46464 
46465 
46466 
46467 
46468 
46469 
46470 
46471 
46472 
46473 
46474 
46475 
46476 
46477 
46478 
46479 
46880 
46881 
46882 
46883 
46884 
46885 
46886 
46887 
46888 
46889 
46890 
46891 
46892 
46893 
46894 
46895 
46896 
46897 
46898 
46899 
46900 
46901 
46902 
46903 
46904 
46905 
46906 
46907 
46908 
46909 
46910 
46911 
46912 
46913 
46914 
46915 
46916 
46917 
46918 
46919 
46920 
46921 
46922 
46923 
46924 
46925 
46926 
46927 
46928 
46929 
46930 
46931 
46932 
46933 
46934 
46935 
46936 
46937 
46938 
46939 
46940 
46941 
46942 
46943 
46944 
46945 
46946 
46947 
46948 
46949 
46950 
46951 
46952 
46953 
46954 
46955 
46956 
46957 
46958 
46959 
46960 
46961 
46962 
46963 
46964 
46965 
46966 
46967 
46968 
46969 
46970 
46971 
46972 
46973 
46974 
46975 
46976 
46977 
46978 
46979 
46980 
46981 
46982 
46983 
46984 
46985 
46986 
46987 
46988 
46989 
46990 
46991 
46992 
46993 
46994 
46995 
46996 
46997 
46998 
46999 
47000 
47001 
47002 
47003 
47004 
47005 
47006 
47007 
47008 
47009 
47010 
47011 
47012 
47013 
47014 
47015 
47016 
47017 
47018 
47019 
47020 
47021 
47022 
47023 
47024 
47025 
47026 
47027 
47028 
47029 
47030 
47031 
47032 
47033 
47034 
47035 
47036 
47037 
47038 
47039 
47040 
47041 
47042 
47043 
47044 
47045 
47046 
47047 
47048 
47049 
47050 
47051 
47052 
47053 
47054 
47055 
47056 
47057 
47058 
47059 
47060 
47061 
47062 
47063 
47064 
47065 
47066 
47067 
47068 
47069 
47070 
47071 
47072 
47073 
47074 
47075 
47076 
47077 
47078 
47079 
47280 
47281 
47282 
47283 
47284 
47285 
47286 
47287 
47288 
47289 
47290 
47291 
47292 
47293 
47294 
47295 
47296 
47297 
47298 
47299 
47300 
47301 
47302 
47303 
47304 
47305 
47306 
47307 
47308 
47309 
47310 
47311 
47312 
47313 
47314 
47315 
47316 
47317 
47318 
47319 
47320 
47321 
47322 
47323 
47324 
47325 
47326 
47327 
47328 
47329 
47330 
47331 
47332 
47333 
47334 
47335 
47336 
47337 
47338 
47339 
47340 
47341 
47342 
47343 
47344 
47345 
47346 
47347 
47348 
47349 
47350 
47351 
47352 
47353 
47354 
47355 
47356 
47357 
47358 
47359 
47360 
47361 
47362 
47363 
47364 
47365 
47366 
47367 
47368 
47369 
47370 
47371 
47372 
47373 
47374 
47375 
47376 
47377 
47378 
47379 
47380 
47381 
47382 
47383 
47384 
47385 
47386 
47387 
47388 
47389 
47390 
47391 
47392 
47393 
47394 
47395 
47396 
47397 
47398 
47399 
47400 
47401 
47402 
47403 
47404 
47405 
47406 
47407 
47408 
47409 
47410 
47411 
47412 
47413 
47414 
47415 
47416 
47417 
47418 
47419 
47420 
47421 
47422 
47423 
47424 
47425 
47426 
47427 
47428 
47429 
47430 
47431 
47432 
47433 
47434 
47435 
47436 
47437 
47438 
47439 
47440 
47441 
47442 
47443 
47444 
47445 
47446 
47447 
47448 
47449 
47450 
47451 
47452 
47453 
47454 
47455 
47456 
47457 
47458 
47459 
47460 
47461 
47462 
47463 
47464 
47465 
47466 
47467 
47468 
47469 
47470 
47471 
47472 
47473 
47474 
47475 
47476 
47477 
47478 
47479 
47680 
47681 
47682 
47683 
47684 
47685 
47686 
47687 
47688 
47689 
47690 
47691 
47692 
47693 
47694 
47695 
47696 
47697 
47698 
47699 
47700 
47701 
47702 
47703 
47704 
47705 
47706 
47707 
47708 
47709 
47710 
47711 
47712 
47713 
47714 
47715 
47716 
47717 
47718 
47719 
47720 
47721 
47722 
47723 
47724 
47725 
47726 
47727 
47728 
47729 
47730 
47731 
47732 
47733 
47734 
47735 
47736 
47737 
47738 
47739 
47740 
47741 
47742 
47743 
47744 
47745 
47746 
47747 
47748 
47749 
47750 
47751 
47752 
47753 
47754 
47755 
47756 
47757 
47758 
47759 
47760 
47761 
47762 
47763 
47764 
47765 
47766 
47767 
47768 
47769 
47770 
47771 
47772 
47773 
47774 
47775 
47776 
47777 
47778 
47779 
47780 
47781 
47782 
47783 
47784 
47785 
47786 
47787 
47788 
47789 
47790 
47791 
47792 
47793 
47794 
47795 
47796 
47797 
47798 
47799 
47800 
47801 
47802 
47803 
47804 
47805 
47806 
47807 
47808 
47809 
47810 
47811 
47812 
47813 
47814 
47815 
47816 
47817 
47818 
47819 
47820 
47821 
47822 
47823 
47824 
47825 
47826 
47827 
47828 
47829 
47830 
47831 
47832 
47833 
47834 
47835 
47836 
47837 
47838 
47839 
47840 
47841 
47842 
47843 
47844 
47845 
47846 
47847 
47848 
47849 
47850 
47851 
47852 
47853 
47854 
47855 
47856 
47857 
47858 
47859 
47860 
47861 
47862 
47863 
47864 
47865 
47866 
47867 
47868 
47869 
47870 
47871 
47872 
47873 
47874 
47875 
47876 
47877 
47878 
47879 
48080 
48081 
48082 
48083 
48084 
48085 
48086 
48087 
48088 
48089 
48090 
48091 
48092 
48093 
48094 
48095 
48096 
48097 
48098 
48099 
48100 
48101 
48102 
48103 
48104 
48105 
48106 
48107 
48108 
48109 
48110 
48111 
48112 
48113 
48114 
48115 
48116 
48117 
48118 
48119 
48120 
48121 
48122 
48123 
48124 
48125 
48126 
48127 
48128 
48129 
48130 
48131 
48132 
48133 
48134 
48135 
48136 
48137 
48138 
48139 
48140 
48141 
48142 
48143 
48144 
48145 
48146 
48147 
48148 
48149 
48150 
48151 
48152 
48153 
48154 
48155 
48156 
48157 
48158 
48159 
48160 
48161 
48162 
48163 
48164 
48165 
48166 
48167 
48168 
48169 
48170 
48171 
48172 
48173 
48174 
48175 
48176 
48177 
48178 
48179 
48180 
48181 
48182 
48183 
48184 
48185 
48186 
48187 
48188 
48189 
48190 
48191 
48192 
48193 
48194 
48195 
48196 
48197 
48198 
48199 
48200 
48201 
48202 
48203 
48204 
48205 
48206 
48207 
48208 
48209 
48210 
48211 
48212 
48213 
48214 
48215 
48216 
48217 
48218 
48219 
48220 
48221 
48222 
48223 
48224 
48225 
48226 
48227 
48228 
48229 
48230 
48231 
48232 
48233 
48234 
48235 
48236 
48237 
48238 
48239 
48240 
48241 
48242 
48243 
48244 
48245 
48246 
48247 
48248 
48249 
48250 
48251 
48252 
48253 
48254 
48255 
48256 
48257 
48258 
48259 
48260 
48261 
48262 
48263 
48264 
48265 
48266 
48267 
48268 
48269 
48270 
48271 
48272 
48273 
48274 
48275 
48276 
48277 
48278 
48279 
)

// ************************************************************************* //
