/*--------------------------------*- C++ -*----------------------------------*\
  =========                 |
  \\      /  F ield         | OpenFOAM: The Open Source CFD Toolbox
   \\    /   O peration     | Website:  https://openfoam.org
    \\  /    A nd           | Version:  6
     \\/     M anipulation  |
\*---------------------------------------------------------------------------*/
FoamFile
{
    version     2.0;
    format      ascii;
    class       faceSet;
    location    "constant/polyMesh/sets";
    object      upper;
}
// * * * * * * * * * * * * * * * * * * * * * * * * * * * * * * * * * * * * * //


4800
(
39080 
39081 
39082 
39083 
39084 
39085 
39086 
39087 
39088 
39089 
39090 
39091 
39092 
39093 
39094 
39095 
39096 
39097 
39098 
39099 
39100 
39101 
39102 
39103 
39104 
39105 
39106 
39107 
39108 
39109 
39110 
39111 
39112 
39113 
39114 
39115 
39116 
39117 
39118 
39119 
39120 
39121 
39122 
39123 
39124 
39125 
39126 
39127 
39128 
39129 
39130 
39131 
39132 
39133 
39134 
39135 
39136 
39137 
39138 
39139 
39140 
39141 
39142 
39143 
39144 
39145 
39146 
39147 
39148 
39149 
39150 
39151 
39152 
39153 
39154 
39155 
39156 
39157 
39158 
39159 
39160 
39161 
39162 
39163 
39164 
39165 
39166 
39167 
39168 
39169 
39170 
39171 
39172 
39173 
39174 
39175 
39176 
39177 
39178 
39179 
39180 
39181 
39182 
39183 
39184 
39185 
39186 
39187 
39188 
39189 
39190 
39191 
39192 
39193 
39194 
39195 
39196 
39197 
39198 
39199 
39200 
39201 
39202 
39203 
39204 
39205 
39206 
39207 
39208 
39209 
39210 
39211 
39212 
39213 
39214 
39215 
39216 
39217 
39218 
39219 
39220 
39221 
39222 
39223 
39224 
39225 
39226 
39227 
39228 
39229 
39230 
39231 
39232 
39233 
39234 
39235 
39236 
39237 
39238 
39239 
39240 
39241 
39242 
39243 
39244 
39245 
39246 
39247 
39248 
39249 
39250 
39251 
39252 
39253 
39254 
39255 
39256 
39257 
39258 
39259 
39260 
39261 
39262 
39263 
39264 
39265 
39266 
39267 
39268 
39269 
39270 
39271 
39272 
39273 
39274 
39275 
39276 
39277 
39278 
39279 
39480 
39481 
39482 
39483 
39484 
39485 
39486 
39487 
39488 
39489 
39490 
39491 
39492 
39493 
39494 
39495 
39496 
39497 
39498 
39499 
39500 
39501 
39502 
39503 
39504 
39505 
39506 
39507 
39508 
39509 
39510 
39511 
39512 
39513 
39514 
39515 
39516 
39517 
39518 
39519 
39520 
39521 
39522 
39523 
39524 
39525 
39526 
39527 
39528 
39529 
39530 
39531 
39532 
39533 
39534 
39535 
39536 
39537 
39538 
39539 
39540 
39541 
39542 
39543 
39544 
39545 
39546 
39547 
39548 
39549 
39550 
39551 
39552 
39553 
39554 
39555 
39556 
39557 
39558 
39559 
39560 
39561 
39562 
39563 
39564 
39565 
39566 
39567 
39568 
39569 
39570 
39571 
39572 
39573 
39574 
39575 
39576 
39577 
39578 
39579 
39580 
39581 
39582 
39583 
39584 
39585 
39586 
39587 
39588 
39589 
39590 
39591 
39592 
39593 
39594 
39595 
39596 
39597 
39598 
39599 
39600 
39601 
39602 
39603 
39604 
39605 
39606 
39607 
39608 
39609 
39610 
39611 
39612 
39613 
39614 
39615 
39616 
39617 
39618 
39619 
39620 
39621 
39622 
39623 
39624 
39625 
39626 
39627 
39628 
39629 
39630 
39631 
39632 
39633 
39634 
39635 
39636 
39637 
39638 
39639 
39640 
39641 
39642 
39643 
39644 
39645 
39646 
39647 
39648 
39649 
39650 
39651 
39652 
39653 
39654 
39655 
39656 
39657 
39658 
39659 
39660 
39661 
39662 
39663 
39664 
39665 
39666 
39667 
39668 
39669 
39670 
39671 
39672 
39673 
39674 
39675 
39676 
39677 
39678 
39679 
39880 
39881 
39882 
39883 
39884 
39885 
39886 
39887 
39888 
39889 
39890 
39891 
39892 
39893 
39894 
39895 
39896 
39897 
39898 
39899 
39900 
39901 
39902 
39903 
39904 
39905 
39906 
39907 
39908 
39909 
39910 
39911 
39912 
39913 
39914 
39915 
39916 
39917 
39918 
39919 
39920 
39921 
39922 
39923 
39924 
39925 
39926 
39927 
39928 
39929 
39930 
39931 
39932 
39933 
39934 
39935 
39936 
39937 
39938 
39939 
39940 
39941 
39942 
39943 
39944 
39945 
39946 
39947 
39948 
39949 
39950 
39951 
39952 
39953 
39954 
39955 
39956 
39957 
39958 
39959 
39960 
39961 
39962 
39963 
39964 
39965 
39966 
39967 
39968 
39969 
39970 
39971 
39972 
39973 
39974 
39975 
39976 
39977 
39978 
39979 
39980 
39981 
39982 
39983 
39984 
39985 
39986 
39987 
39988 
39989 
39990 
39991 
39992 
39993 
39994 
39995 
39996 
39997 
39998 
39999 
40000 
40001 
40002 
40003 
40004 
40005 
40006 
40007 
40008 
40009 
40010 
40011 
40012 
40013 
40014 
40015 
40016 
40017 
40018 
40019 
40020 
40021 
40022 
40023 
40024 
40025 
40026 
40027 
40028 
40029 
40030 
40031 
40032 
40033 
40034 
40035 
40036 
40037 
40038 
40039 
40040 
40041 
40042 
40043 
40044 
40045 
40046 
40047 
40048 
40049 
40050 
40051 
40052 
40053 
40054 
40055 
40056 
40057 
40058 
40059 
40060 
40061 
40062 
40063 
40064 
40065 
40066 
40067 
40068 
40069 
40070 
40071 
40072 
40073 
40074 
40075 
40076 
40077 
40078 
40079 
40480 
40481 
40482 
40483 
40484 
40485 
40486 
40487 
40488 
40489 
40490 
40491 
40492 
40493 
40494 
40495 
40496 
40497 
40498 
40499 
40500 
40501 
40502 
40503 
40504 
40505 
40506 
40507 
40508 
40509 
40510 
40511 
40512 
40513 
40514 
40515 
40516 
40517 
40518 
40519 
40520 
40521 
40522 
40523 
40524 
40525 
40526 
40527 
40528 
40529 
40530 
40531 
40532 
40533 
40534 
40535 
40536 
40537 
40538 
40539 
40540 
40541 
40542 
40543 
40544 
40545 
40546 
40547 
40548 
40549 
40550 
40551 
40552 
40553 
40554 
40555 
40556 
40557 
40558 
40559 
40560 
40561 
40562 
40563 
40564 
40565 
40566 
40567 
40568 
40569 
40570 
40571 
40572 
40573 
40574 
40575 
40576 
40577 
40578 
40579 
40580 
40581 
40582 
40583 
40584 
40585 
40586 
40587 
40588 
40589 
40590 
40591 
40592 
40593 
40594 
40595 
40596 
40597 
40598 
40599 
40600 
40601 
40602 
40603 
40604 
40605 
40606 
40607 
40608 
40609 
40610 
40611 
40612 
40613 
40614 
40615 
40616 
40617 
40618 
40619 
40620 
40621 
40622 
40623 
40624 
40625 
40626 
40627 
40628 
40629 
40630 
40631 
40632 
40633 
40634 
40635 
40636 
40637 
40638 
40639 
40640 
40641 
40642 
40643 
40644 
40645 
40646 
40647 
40648 
40649 
40650 
40651 
40652 
40653 
40654 
40655 
40656 
40657 
40658 
40659 
40660 
40661 
40662 
40663 
40664 
40665 
40666 
40667 
40668 
40669 
40670 
40671 
40672 
40673 
40674 
40675 
40676 
40677 
40678 
40679 
40680 
40681 
40682 
40683 
40684 
40685 
40686 
40687 
40688 
40689 
40690 
40691 
40692 
40693 
40694 
40695 
40696 
40697 
40698 
40699 
40700 
40701 
40702 
40703 
40704 
40705 
40706 
40707 
40708 
40709 
40710 
40711 
40712 
40713 
40714 
40715 
40716 
40717 
40718 
40719 
40720 
40721 
40722 
40723 
40724 
40725 
40726 
40727 
40728 
40729 
40730 
40731 
40732 
40733 
40734 
40735 
40736 
40737 
40738 
40739 
40740 
40741 
40742 
40743 
40744 
40745 
40746 
40747 
40748 
40749 
40750 
40751 
40752 
40753 
40754 
40755 
40756 
40757 
40758 
40759 
40760 
40761 
40762 
40763 
40764 
40765 
40766 
40767 
40768 
40769 
40770 
40771 
40772 
40773 
40774 
40775 
40776 
40777 
40778 
40779 
40780 
40781 
40782 
40783 
40784 
40785 
40786 
40787 
40788 
40789 
40790 
40791 
40792 
40793 
40794 
40795 
40796 
40797 
40798 
40799 
40800 
40801 
40802 
40803 
40804 
40805 
40806 
40807 
40808 
40809 
40810 
40811 
40812 
40813 
40814 
40815 
40816 
40817 
40818 
40819 
40820 
40821 
40822 
40823 
40824 
40825 
40826 
40827 
40828 
40829 
40830 
40831 
40832 
40833 
40834 
40835 
40836 
40837 
40838 
40839 
40840 
40841 
40842 
40843 
40844 
40845 
40846 
40847 
40848 
40849 
40850 
40851 
40852 
40853 
40854 
40855 
40856 
40857 
40858 
40859 
40860 
40861 
40862 
40863 
40864 
40865 
40866 
40867 
40868 
40869 
40870 
40871 
40872 
40873 
40874 
40875 
40876 
40877 
40878 
40879 
41080 
41081 
41082 
41083 
41084 
41085 
41086 
41087 
41088 
41089 
41090 
41091 
41092 
41093 
41094 
41095 
41096 
41097 
41098 
41099 
41100 
41101 
41102 
41103 
41104 
41105 
41106 
41107 
41108 
41109 
41110 
41111 
41112 
41113 
41114 
41115 
41116 
41117 
41118 
41119 
41120 
41121 
41122 
41123 
41124 
41125 
41126 
41127 
41128 
41129 
41130 
41131 
41132 
41133 
41134 
41135 
41136 
41137 
41138 
41139 
41140 
41141 
41142 
41143 
41144 
41145 
41146 
41147 
41148 
41149 
41150 
41151 
41152 
41153 
41154 
41155 
41156 
41157 
41158 
41159 
41160 
41161 
41162 
41163 
41164 
41165 
41166 
41167 
41168 
41169 
41170 
41171 
41172 
41173 
41174 
41175 
41176 
41177 
41178 
41179 
41180 
41181 
41182 
41183 
41184 
41185 
41186 
41187 
41188 
41189 
41190 
41191 
41192 
41193 
41194 
41195 
41196 
41197 
41198 
41199 
41200 
41201 
41202 
41203 
41204 
41205 
41206 
41207 
41208 
41209 
41210 
41211 
41212 
41213 
41214 
41215 
41216 
41217 
41218 
41219 
41220 
41221 
41222 
41223 
41224 
41225 
41226 
41227 
41228 
41229 
41230 
41231 
41232 
41233 
41234 
41235 
41236 
41237 
41238 
41239 
41240 
41241 
41242 
41243 
41244 
41245 
41246 
41247 
41248 
41249 
41250 
41251 
41252 
41253 
41254 
41255 
41256 
41257 
41258 
41259 
41260 
41261 
41262 
41263 
41264 
41265 
41266 
41267 
41268 
41269 
41270 
41271 
41272 
41273 
41274 
41275 
41276 
41277 
41278 
41279 
41480 
41481 
41482 
41483 
41484 
41485 
41486 
41487 
41488 
41489 
41490 
41491 
41492 
41493 
41494 
41495 
41496 
41497 
41498 
41499 
41500 
41501 
41502 
41503 
41504 
41505 
41506 
41507 
41508 
41509 
41510 
41511 
41512 
41513 
41514 
41515 
41516 
41517 
41518 
41519 
41520 
41521 
41522 
41523 
41524 
41525 
41526 
41527 
41528 
41529 
41530 
41531 
41532 
41533 
41534 
41535 
41536 
41537 
41538 
41539 
41540 
41541 
41542 
41543 
41544 
41545 
41546 
41547 
41548 
41549 
41550 
41551 
41552 
41553 
41554 
41555 
41556 
41557 
41558 
41559 
41560 
41561 
41562 
41563 
41564 
41565 
41566 
41567 
41568 
41569 
41570 
41571 
41572 
41573 
41574 
41575 
41576 
41577 
41578 
41579 
41580 
41581 
41582 
41583 
41584 
41585 
41586 
41587 
41588 
41589 
41590 
41591 
41592 
41593 
41594 
41595 
41596 
41597 
41598 
41599 
41600 
41601 
41602 
41603 
41604 
41605 
41606 
41607 
41608 
41609 
41610 
41611 
41612 
41613 
41614 
41615 
41616 
41617 
41618 
41619 
41620 
41621 
41622 
41623 
41624 
41625 
41626 
41627 
41628 
41629 
41630 
41631 
41632 
41633 
41634 
41635 
41636 
41637 
41638 
41639 
41640 
41641 
41642 
41643 
41644 
41645 
41646 
41647 
41648 
41649 
41650 
41651 
41652 
41653 
41654 
41655 
41656 
41657 
41658 
41659 
41660 
41661 
41662 
41663 
41664 
41665 
41666 
41667 
41668 
41669 
41670 
41671 
41672 
41673 
41674 
41675 
41676 
41677 
41678 
41679 
41880 
41881 
41882 
41883 
41884 
41885 
41886 
41887 
41888 
41889 
41890 
41891 
41892 
41893 
41894 
41895 
41896 
41897 
41898 
41899 
41900 
41901 
41902 
41903 
41904 
41905 
41906 
41907 
41908 
41909 
41910 
41911 
41912 
41913 
41914 
41915 
41916 
41917 
41918 
41919 
41920 
41921 
41922 
41923 
41924 
41925 
41926 
41927 
41928 
41929 
41930 
41931 
41932 
41933 
41934 
41935 
41936 
41937 
41938 
41939 
41940 
41941 
41942 
41943 
41944 
41945 
41946 
41947 
41948 
41949 
41950 
41951 
41952 
41953 
41954 
41955 
41956 
41957 
41958 
41959 
41960 
41961 
41962 
41963 
41964 
41965 
41966 
41967 
41968 
41969 
41970 
41971 
41972 
41973 
41974 
41975 
41976 
41977 
41978 
41979 
41980 
41981 
41982 
41983 
41984 
41985 
41986 
41987 
41988 
41989 
41990 
41991 
41992 
41993 
41994 
41995 
41996 
41997 
41998 
41999 
42000 
42001 
42002 
42003 
42004 
42005 
42006 
42007 
42008 
42009 
42010 
42011 
42012 
42013 
42014 
42015 
42016 
42017 
42018 
42019 
42020 
42021 
42022 
42023 
42024 
42025 
42026 
42027 
42028 
42029 
42030 
42031 
42032 
42033 
42034 
42035 
42036 
42037 
42038 
42039 
42040 
42041 
42042 
42043 
42044 
42045 
42046 
42047 
42048 
42049 
42050 
42051 
42052 
42053 
42054 
42055 
42056 
42057 
42058 
42059 
42060 
42061 
42062 
42063 
42064 
42065 
42066 
42067 
42068 
42069 
42070 
42071 
42072 
42073 
42074 
42075 
42076 
42077 
42078 
42079 
42280 
42281 
42282 
42283 
42284 
42285 
42286 
42287 
42288 
42289 
42290 
42291 
42292 
42293 
42294 
42295 
42296 
42297 
42298 
42299 
42300 
42301 
42302 
42303 
42304 
42305 
42306 
42307 
42308 
42309 
42310 
42311 
42312 
42313 
42314 
42315 
42316 
42317 
42318 
42319 
42320 
42321 
42322 
42323 
42324 
42325 
42326 
42327 
42328 
42329 
42330 
42331 
42332 
42333 
42334 
42335 
42336 
42337 
42338 
42339 
42340 
42341 
42342 
42343 
42344 
42345 
42346 
42347 
42348 
42349 
42350 
42351 
42352 
42353 
42354 
42355 
42356 
42357 
42358 
42359 
42360 
42361 
42362 
42363 
42364 
42365 
42366 
42367 
42368 
42369 
42370 
42371 
42372 
42373 
42374 
42375 
42376 
42377 
42378 
42379 
42380 
42381 
42382 
42383 
42384 
42385 
42386 
42387 
42388 
42389 
42390 
42391 
42392 
42393 
42394 
42395 
42396 
42397 
42398 
42399 
42400 
42401 
42402 
42403 
42404 
42405 
42406 
42407 
42408 
42409 
42410 
42411 
42412 
42413 
42414 
42415 
42416 
42417 
42418 
42419 
42420 
42421 
42422 
42423 
42424 
42425 
42426 
42427 
42428 
42429 
42430 
42431 
42432 
42433 
42434 
42435 
42436 
42437 
42438 
42439 
42440 
42441 
42442 
42443 
42444 
42445 
42446 
42447 
42448 
42449 
42450 
42451 
42452 
42453 
42454 
42455 
42456 
42457 
42458 
42459 
42460 
42461 
42462 
42463 
42464 
42465 
42466 
42467 
42468 
42469 
42470 
42471 
42472 
42473 
42474 
42475 
42476 
42477 
42478 
42479 
42880 
42881 
42882 
42883 
42884 
42885 
42886 
42887 
42888 
42889 
42890 
42891 
42892 
42893 
42894 
42895 
42896 
42897 
42898 
42899 
42900 
42901 
42902 
42903 
42904 
42905 
42906 
42907 
42908 
42909 
42910 
42911 
42912 
42913 
42914 
42915 
42916 
42917 
42918 
42919 
42920 
42921 
42922 
42923 
42924 
42925 
42926 
42927 
42928 
42929 
42930 
42931 
42932 
42933 
42934 
42935 
42936 
42937 
42938 
42939 
42940 
42941 
42942 
42943 
42944 
42945 
42946 
42947 
42948 
42949 
42950 
42951 
42952 
42953 
42954 
42955 
42956 
42957 
42958 
42959 
42960 
42961 
42962 
42963 
42964 
42965 
42966 
42967 
42968 
42969 
42970 
42971 
42972 
42973 
42974 
42975 
42976 
42977 
42978 
42979 
42980 
42981 
42982 
42983 
42984 
42985 
42986 
42987 
42988 
42989 
42990 
42991 
42992 
42993 
42994 
42995 
42996 
42997 
42998 
42999 
43000 
43001 
43002 
43003 
43004 
43005 
43006 
43007 
43008 
43009 
43010 
43011 
43012 
43013 
43014 
43015 
43016 
43017 
43018 
43019 
43020 
43021 
43022 
43023 
43024 
43025 
43026 
43027 
43028 
43029 
43030 
43031 
43032 
43033 
43034 
43035 
43036 
43037 
43038 
43039 
43040 
43041 
43042 
43043 
43044 
43045 
43046 
43047 
43048 
43049 
43050 
43051 
43052 
43053 
43054 
43055 
43056 
43057 
43058 
43059 
43060 
43061 
43062 
43063 
43064 
43065 
43066 
43067 
43068 
43069 
43070 
43071 
43072 
43073 
43074 
43075 
43076 
43077 
43078 
43079 
43080 
43081 
43082 
43083 
43084 
43085 
43086 
43087 
43088 
43089 
43090 
43091 
43092 
43093 
43094 
43095 
43096 
43097 
43098 
43099 
43100 
43101 
43102 
43103 
43104 
43105 
43106 
43107 
43108 
43109 
43110 
43111 
43112 
43113 
43114 
43115 
43116 
43117 
43118 
43119 
43120 
43121 
43122 
43123 
43124 
43125 
43126 
43127 
43128 
43129 
43130 
43131 
43132 
43133 
43134 
43135 
43136 
43137 
43138 
43139 
43140 
43141 
43142 
43143 
43144 
43145 
43146 
43147 
43148 
43149 
43150 
43151 
43152 
43153 
43154 
43155 
43156 
43157 
43158 
43159 
43160 
43161 
43162 
43163 
43164 
43165 
43166 
43167 
43168 
43169 
43170 
43171 
43172 
43173 
43174 
43175 
43176 
43177 
43178 
43179 
43180 
43181 
43182 
43183 
43184 
43185 
43186 
43187 
43188 
43189 
43190 
43191 
43192 
43193 
43194 
43195 
43196 
43197 
43198 
43199 
43200 
43201 
43202 
43203 
43204 
43205 
43206 
43207 
43208 
43209 
43210 
43211 
43212 
43213 
43214 
43215 
43216 
43217 
43218 
43219 
43220 
43221 
43222 
43223 
43224 
43225 
43226 
43227 
43228 
43229 
43230 
43231 
43232 
43233 
43234 
43235 
43236 
43237 
43238 
43239 
43240 
43241 
43242 
43243 
43244 
43245 
43246 
43247 
43248 
43249 
43250 
43251 
43252 
43253 
43254 
43255 
43256 
43257 
43258 
43259 
43260 
43261 
43262 
43263 
43264 
43265 
43266 
43267 
43268 
43269 
43270 
43271 
43272 
43273 
43274 
43275 
43276 
43277 
43278 
43279 
43480 
43481 
43482 
43483 
43484 
43485 
43486 
43487 
43488 
43489 
43490 
43491 
43492 
43493 
43494 
43495 
43496 
43497 
43498 
43499 
43500 
43501 
43502 
43503 
43504 
43505 
43506 
43507 
43508 
43509 
43510 
43511 
43512 
43513 
43514 
43515 
43516 
43517 
43518 
43519 
43520 
43521 
43522 
43523 
43524 
43525 
43526 
43527 
43528 
43529 
43530 
43531 
43532 
43533 
43534 
43535 
43536 
43537 
43538 
43539 
43540 
43541 
43542 
43543 
43544 
43545 
43546 
43547 
43548 
43549 
43550 
43551 
43552 
43553 
43554 
43555 
43556 
43557 
43558 
43559 
43560 
43561 
43562 
43563 
43564 
43565 
43566 
43567 
43568 
43569 
43570 
43571 
43572 
43573 
43574 
43575 
43576 
43577 
43578 
43579 
43580 
43581 
43582 
43583 
43584 
43585 
43586 
43587 
43588 
43589 
43590 
43591 
43592 
43593 
43594 
43595 
43596 
43597 
43598 
43599 
43600 
43601 
43602 
43603 
43604 
43605 
43606 
43607 
43608 
43609 
43610 
43611 
43612 
43613 
43614 
43615 
43616 
43617 
43618 
43619 
43620 
43621 
43622 
43623 
43624 
43625 
43626 
43627 
43628 
43629 
43630 
43631 
43632 
43633 
43634 
43635 
43636 
43637 
43638 
43639 
43640 
43641 
43642 
43643 
43644 
43645 
43646 
43647 
43648 
43649 
43650 
43651 
43652 
43653 
43654 
43655 
43656 
43657 
43658 
43659 
43660 
43661 
43662 
43663 
43664 
43665 
43666 
43667 
43668 
43669 
43670 
43671 
43672 
43673 
43674 
43675 
43676 
43677 
43678 
43679 
43880 
43881 
43882 
43883 
43884 
43885 
43886 
43887 
43888 
43889 
43890 
43891 
43892 
43893 
43894 
43895 
43896 
43897 
43898 
43899 
43900 
43901 
43902 
43903 
43904 
43905 
43906 
43907 
43908 
43909 
43910 
43911 
43912 
43913 
43914 
43915 
43916 
43917 
43918 
43919 
43920 
43921 
43922 
43923 
43924 
43925 
43926 
43927 
43928 
43929 
43930 
43931 
43932 
43933 
43934 
43935 
43936 
43937 
43938 
43939 
43940 
43941 
43942 
43943 
43944 
43945 
43946 
43947 
43948 
43949 
43950 
43951 
43952 
43953 
43954 
43955 
43956 
43957 
43958 
43959 
43960 
43961 
43962 
43963 
43964 
43965 
43966 
43967 
43968 
43969 
43970 
43971 
43972 
43973 
43974 
43975 
43976 
43977 
43978 
43979 
43980 
43981 
43982 
43983 
43984 
43985 
43986 
43987 
43988 
43989 
43990 
43991 
43992 
43993 
43994 
43995 
43996 
43997 
43998 
43999 
44000 
44001 
44002 
44003 
44004 
44005 
44006 
44007 
44008 
44009 
44010 
44011 
44012 
44013 
44014 
44015 
44016 
44017 
44018 
44019 
44020 
44021 
44022 
44023 
44024 
44025 
44026 
44027 
44028 
44029 
44030 
44031 
44032 
44033 
44034 
44035 
44036 
44037 
44038 
44039 
44040 
44041 
44042 
44043 
44044 
44045 
44046 
44047 
44048 
44049 
44050 
44051 
44052 
44053 
44054 
44055 
44056 
44057 
44058 
44059 
44060 
44061 
44062 
44063 
44064 
44065 
44066 
44067 
44068 
44069 
44070 
44071 
44072 
44073 
44074 
44075 
44076 
44077 
44078 
44079 
44280 
44281 
44282 
44283 
44284 
44285 
44286 
44287 
44288 
44289 
44290 
44291 
44292 
44293 
44294 
44295 
44296 
44297 
44298 
44299 
44300 
44301 
44302 
44303 
44304 
44305 
44306 
44307 
44308 
44309 
44310 
44311 
44312 
44313 
44314 
44315 
44316 
44317 
44318 
44319 
44320 
44321 
44322 
44323 
44324 
44325 
44326 
44327 
44328 
44329 
44330 
44331 
44332 
44333 
44334 
44335 
44336 
44337 
44338 
44339 
44340 
44341 
44342 
44343 
44344 
44345 
44346 
44347 
44348 
44349 
44350 
44351 
44352 
44353 
44354 
44355 
44356 
44357 
44358 
44359 
44360 
44361 
44362 
44363 
44364 
44365 
44366 
44367 
44368 
44369 
44370 
44371 
44372 
44373 
44374 
44375 
44376 
44377 
44378 
44379 
44380 
44381 
44382 
44383 
44384 
44385 
44386 
44387 
44388 
44389 
44390 
44391 
44392 
44393 
44394 
44395 
44396 
44397 
44398 
44399 
44400 
44401 
44402 
44403 
44404 
44405 
44406 
44407 
44408 
44409 
44410 
44411 
44412 
44413 
44414 
44415 
44416 
44417 
44418 
44419 
44420 
44421 
44422 
44423 
44424 
44425 
44426 
44427 
44428 
44429 
44430 
44431 
44432 
44433 
44434 
44435 
44436 
44437 
44438 
44439 
44440 
44441 
44442 
44443 
44444 
44445 
44446 
44447 
44448 
44449 
44450 
44451 
44452 
44453 
44454 
44455 
44456 
44457 
44458 
44459 
44460 
44461 
44462 
44463 
44464 
44465 
44466 
44467 
44468 
44469 
44470 
44471 
44472 
44473 
44474 
44475 
44476 
44477 
44478 
44479 
44880 
44881 
44882 
44883 
44884 
44885 
44886 
44887 
44888 
44889 
44890 
44891 
44892 
44893 
44894 
44895 
44896 
44897 
44898 
44899 
44900 
44901 
44902 
44903 
44904 
44905 
44906 
44907 
44908 
44909 
44910 
44911 
44912 
44913 
44914 
44915 
44916 
44917 
44918 
44919 
44920 
44921 
44922 
44923 
44924 
44925 
44926 
44927 
44928 
44929 
44930 
44931 
44932 
44933 
44934 
44935 
44936 
44937 
44938 
44939 
44940 
44941 
44942 
44943 
44944 
44945 
44946 
44947 
44948 
44949 
44950 
44951 
44952 
44953 
44954 
44955 
44956 
44957 
44958 
44959 
44960 
44961 
44962 
44963 
44964 
44965 
44966 
44967 
44968 
44969 
44970 
44971 
44972 
44973 
44974 
44975 
44976 
44977 
44978 
44979 
44980 
44981 
44982 
44983 
44984 
44985 
44986 
44987 
44988 
44989 
44990 
44991 
44992 
44993 
44994 
44995 
44996 
44997 
44998 
44999 
45000 
45001 
45002 
45003 
45004 
45005 
45006 
45007 
45008 
45009 
45010 
45011 
45012 
45013 
45014 
45015 
45016 
45017 
45018 
45019 
45020 
45021 
45022 
45023 
45024 
45025 
45026 
45027 
45028 
45029 
45030 
45031 
45032 
45033 
45034 
45035 
45036 
45037 
45038 
45039 
45040 
45041 
45042 
45043 
45044 
45045 
45046 
45047 
45048 
45049 
45050 
45051 
45052 
45053 
45054 
45055 
45056 
45057 
45058 
45059 
45060 
45061 
45062 
45063 
45064 
45065 
45066 
45067 
45068 
45069 
45070 
45071 
45072 
45073 
45074 
45075 
45076 
45077 
45078 
45079 
45080 
45081 
45082 
45083 
45084 
45085 
45086 
45087 
45088 
45089 
45090 
45091 
45092 
45093 
45094 
45095 
45096 
45097 
45098 
45099 
45100 
45101 
45102 
45103 
45104 
45105 
45106 
45107 
45108 
45109 
45110 
45111 
45112 
45113 
45114 
45115 
45116 
45117 
45118 
45119 
45120 
45121 
45122 
45123 
45124 
45125 
45126 
45127 
45128 
45129 
45130 
45131 
45132 
45133 
45134 
45135 
45136 
45137 
45138 
45139 
45140 
45141 
45142 
45143 
45144 
45145 
45146 
45147 
45148 
45149 
45150 
45151 
45152 
45153 
45154 
45155 
45156 
45157 
45158 
45159 
45160 
45161 
45162 
45163 
45164 
45165 
45166 
45167 
45168 
45169 
45170 
45171 
45172 
45173 
45174 
45175 
45176 
45177 
45178 
45179 
45180 
45181 
45182 
45183 
45184 
45185 
45186 
45187 
45188 
45189 
45190 
45191 
45192 
45193 
45194 
45195 
45196 
45197 
45198 
45199 
45200 
45201 
45202 
45203 
45204 
45205 
45206 
45207 
45208 
45209 
45210 
45211 
45212 
45213 
45214 
45215 
45216 
45217 
45218 
45219 
45220 
45221 
45222 
45223 
45224 
45225 
45226 
45227 
45228 
45229 
45230 
45231 
45232 
45233 
45234 
45235 
45236 
45237 
45238 
45239 
45240 
45241 
45242 
45243 
45244 
45245 
45246 
45247 
45248 
45249 
45250 
45251 
45252 
45253 
45254 
45255 
45256 
45257 
45258 
45259 
45260 
45261 
45262 
45263 
45264 
45265 
45266 
45267 
45268 
45269 
45270 
45271 
45272 
45273 
45274 
45275 
45276 
45277 
45278 
45279 
45480 
45481 
45482 
45483 
45484 
45485 
45486 
45487 
45488 
45489 
45490 
45491 
45492 
45493 
45494 
45495 
45496 
45497 
45498 
45499 
45500 
45501 
45502 
45503 
45504 
45505 
45506 
45507 
45508 
45509 
45510 
45511 
45512 
45513 
45514 
45515 
45516 
45517 
45518 
45519 
45520 
45521 
45522 
45523 
45524 
45525 
45526 
45527 
45528 
45529 
45530 
45531 
45532 
45533 
45534 
45535 
45536 
45537 
45538 
45539 
45540 
45541 
45542 
45543 
45544 
45545 
45546 
45547 
45548 
45549 
45550 
45551 
45552 
45553 
45554 
45555 
45556 
45557 
45558 
45559 
45560 
45561 
45562 
45563 
45564 
45565 
45566 
45567 
45568 
45569 
45570 
45571 
45572 
45573 
45574 
45575 
45576 
45577 
45578 
45579 
45580 
45581 
45582 
45583 
45584 
45585 
45586 
45587 
45588 
45589 
45590 
45591 
45592 
45593 
45594 
45595 
45596 
45597 
45598 
45599 
45600 
45601 
45602 
45603 
45604 
45605 
45606 
45607 
45608 
45609 
45610 
45611 
45612 
45613 
45614 
45615 
45616 
45617 
45618 
45619 
45620 
45621 
45622 
45623 
45624 
45625 
45626 
45627 
45628 
45629 
45630 
45631 
45632 
45633 
45634 
45635 
45636 
45637 
45638 
45639 
45640 
45641 
45642 
45643 
45644 
45645 
45646 
45647 
45648 
45649 
45650 
45651 
45652 
45653 
45654 
45655 
45656 
45657 
45658 
45659 
45660 
45661 
45662 
45663 
45664 
45665 
45666 
45667 
45668 
45669 
45670 
45671 
45672 
45673 
45674 
45675 
45676 
45677 
45678 
45679 
45880 
45881 
45882 
45883 
45884 
45885 
45886 
45887 
45888 
45889 
45890 
45891 
45892 
45893 
45894 
45895 
45896 
45897 
45898 
45899 
45900 
45901 
45902 
45903 
45904 
45905 
45906 
45907 
45908 
45909 
45910 
45911 
45912 
45913 
45914 
45915 
45916 
45917 
45918 
45919 
45920 
45921 
45922 
45923 
45924 
45925 
45926 
45927 
45928 
45929 
45930 
45931 
45932 
45933 
45934 
45935 
45936 
45937 
45938 
45939 
45940 
45941 
45942 
45943 
45944 
45945 
45946 
45947 
45948 
45949 
45950 
45951 
45952 
45953 
45954 
45955 
45956 
45957 
45958 
45959 
45960 
45961 
45962 
45963 
45964 
45965 
45966 
45967 
45968 
45969 
45970 
45971 
45972 
45973 
45974 
45975 
45976 
45977 
45978 
45979 
45980 
45981 
45982 
45983 
45984 
45985 
45986 
45987 
45988 
45989 
45990 
45991 
45992 
45993 
45994 
45995 
45996 
45997 
45998 
45999 
46000 
46001 
46002 
46003 
46004 
46005 
46006 
46007 
46008 
46009 
46010 
46011 
46012 
46013 
46014 
46015 
46016 
46017 
46018 
46019 
46020 
46021 
46022 
46023 
46024 
46025 
46026 
46027 
46028 
46029 
46030 
46031 
46032 
46033 
46034 
46035 
46036 
46037 
46038 
46039 
46040 
46041 
46042 
46043 
46044 
46045 
46046 
46047 
46048 
46049 
46050 
46051 
46052 
46053 
46054 
46055 
46056 
46057 
46058 
46059 
46060 
46061 
46062 
46063 
46064 
46065 
46066 
46067 
46068 
46069 
46070 
46071 
46072 
46073 
46074 
46075 
46076 
46077 
46078 
46079 
46480 
46481 
46482 
46483 
46484 
46485 
46486 
46487 
46488 
46489 
46490 
46491 
46492 
46493 
46494 
46495 
46496 
46497 
46498 
46499 
46500 
46501 
46502 
46503 
46504 
46505 
46506 
46507 
46508 
46509 
46510 
46511 
46512 
46513 
46514 
46515 
46516 
46517 
46518 
46519 
46520 
46521 
46522 
46523 
46524 
46525 
46526 
46527 
46528 
46529 
46530 
46531 
46532 
46533 
46534 
46535 
46536 
46537 
46538 
46539 
46540 
46541 
46542 
46543 
46544 
46545 
46546 
46547 
46548 
46549 
46550 
46551 
46552 
46553 
46554 
46555 
46556 
46557 
46558 
46559 
46560 
46561 
46562 
46563 
46564 
46565 
46566 
46567 
46568 
46569 
46570 
46571 
46572 
46573 
46574 
46575 
46576 
46577 
46578 
46579 
46580 
46581 
46582 
46583 
46584 
46585 
46586 
46587 
46588 
46589 
46590 
46591 
46592 
46593 
46594 
46595 
46596 
46597 
46598 
46599 
46600 
46601 
46602 
46603 
46604 
46605 
46606 
46607 
46608 
46609 
46610 
46611 
46612 
46613 
46614 
46615 
46616 
46617 
46618 
46619 
46620 
46621 
46622 
46623 
46624 
46625 
46626 
46627 
46628 
46629 
46630 
46631 
46632 
46633 
46634 
46635 
46636 
46637 
46638 
46639 
46640 
46641 
46642 
46643 
46644 
46645 
46646 
46647 
46648 
46649 
46650 
46651 
46652 
46653 
46654 
46655 
46656 
46657 
46658 
46659 
46660 
46661 
46662 
46663 
46664 
46665 
46666 
46667 
46668 
46669 
46670 
46671 
46672 
46673 
46674 
46675 
46676 
46677 
46678 
46679 
46680 
46681 
46682 
46683 
46684 
46685 
46686 
46687 
46688 
46689 
46690 
46691 
46692 
46693 
46694 
46695 
46696 
46697 
46698 
46699 
46700 
46701 
46702 
46703 
46704 
46705 
46706 
46707 
46708 
46709 
46710 
46711 
46712 
46713 
46714 
46715 
46716 
46717 
46718 
46719 
46720 
46721 
46722 
46723 
46724 
46725 
46726 
46727 
46728 
46729 
46730 
46731 
46732 
46733 
46734 
46735 
46736 
46737 
46738 
46739 
46740 
46741 
46742 
46743 
46744 
46745 
46746 
46747 
46748 
46749 
46750 
46751 
46752 
46753 
46754 
46755 
46756 
46757 
46758 
46759 
46760 
46761 
46762 
46763 
46764 
46765 
46766 
46767 
46768 
46769 
46770 
46771 
46772 
46773 
46774 
46775 
46776 
46777 
46778 
46779 
46780 
46781 
46782 
46783 
46784 
46785 
46786 
46787 
46788 
46789 
46790 
46791 
46792 
46793 
46794 
46795 
46796 
46797 
46798 
46799 
46800 
46801 
46802 
46803 
46804 
46805 
46806 
46807 
46808 
46809 
46810 
46811 
46812 
46813 
46814 
46815 
46816 
46817 
46818 
46819 
46820 
46821 
46822 
46823 
46824 
46825 
46826 
46827 
46828 
46829 
46830 
46831 
46832 
46833 
46834 
46835 
46836 
46837 
46838 
46839 
46840 
46841 
46842 
46843 
46844 
46845 
46846 
46847 
46848 
46849 
46850 
46851 
46852 
46853 
46854 
46855 
46856 
46857 
46858 
46859 
46860 
46861 
46862 
46863 
46864 
46865 
46866 
46867 
46868 
46869 
46870 
46871 
46872 
46873 
46874 
46875 
46876 
46877 
46878 
46879 
47080 
47081 
47082 
47083 
47084 
47085 
47086 
47087 
47088 
47089 
47090 
47091 
47092 
47093 
47094 
47095 
47096 
47097 
47098 
47099 
47100 
47101 
47102 
47103 
47104 
47105 
47106 
47107 
47108 
47109 
47110 
47111 
47112 
47113 
47114 
47115 
47116 
47117 
47118 
47119 
47120 
47121 
47122 
47123 
47124 
47125 
47126 
47127 
47128 
47129 
47130 
47131 
47132 
47133 
47134 
47135 
47136 
47137 
47138 
47139 
47140 
47141 
47142 
47143 
47144 
47145 
47146 
47147 
47148 
47149 
47150 
47151 
47152 
47153 
47154 
47155 
47156 
47157 
47158 
47159 
47160 
47161 
47162 
47163 
47164 
47165 
47166 
47167 
47168 
47169 
47170 
47171 
47172 
47173 
47174 
47175 
47176 
47177 
47178 
47179 
47180 
47181 
47182 
47183 
47184 
47185 
47186 
47187 
47188 
47189 
47190 
47191 
47192 
47193 
47194 
47195 
47196 
47197 
47198 
47199 
47200 
47201 
47202 
47203 
47204 
47205 
47206 
47207 
47208 
47209 
47210 
47211 
47212 
47213 
47214 
47215 
47216 
47217 
47218 
47219 
47220 
47221 
47222 
47223 
47224 
47225 
47226 
47227 
47228 
47229 
47230 
47231 
47232 
47233 
47234 
47235 
47236 
47237 
47238 
47239 
47240 
47241 
47242 
47243 
47244 
47245 
47246 
47247 
47248 
47249 
47250 
47251 
47252 
47253 
47254 
47255 
47256 
47257 
47258 
47259 
47260 
47261 
47262 
47263 
47264 
47265 
47266 
47267 
47268 
47269 
47270 
47271 
47272 
47273 
47274 
47275 
47276 
47277 
47278 
47279 
47480 
47481 
47482 
47483 
47484 
47485 
47486 
47487 
47488 
47489 
47490 
47491 
47492 
47493 
47494 
47495 
47496 
47497 
47498 
47499 
47500 
47501 
47502 
47503 
47504 
47505 
47506 
47507 
47508 
47509 
47510 
47511 
47512 
47513 
47514 
47515 
47516 
47517 
47518 
47519 
47520 
47521 
47522 
47523 
47524 
47525 
47526 
47527 
47528 
47529 
47530 
47531 
47532 
47533 
47534 
47535 
47536 
47537 
47538 
47539 
47540 
47541 
47542 
47543 
47544 
47545 
47546 
47547 
47548 
47549 
47550 
47551 
47552 
47553 
47554 
47555 
47556 
47557 
47558 
47559 
47560 
47561 
47562 
47563 
47564 
47565 
47566 
47567 
47568 
47569 
47570 
47571 
47572 
47573 
47574 
47575 
47576 
47577 
47578 
47579 
47580 
47581 
47582 
47583 
47584 
47585 
47586 
47587 
47588 
47589 
47590 
47591 
47592 
47593 
47594 
47595 
47596 
47597 
47598 
47599 
47600 
47601 
47602 
47603 
47604 
47605 
47606 
47607 
47608 
47609 
47610 
47611 
47612 
47613 
47614 
47615 
47616 
47617 
47618 
47619 
47620 
47621 
47622 
47623 
47624 
47625 
47626 
47627 
47628 
47629 
47630 
47631 
47632 
47633 
47634 
47635 
47636 
47637 
47638 
47639 
47640 
47641 
47642 
47643 
47644 
47645 
47646 
47647 
47648 
47649 
47650 
47651 
47652 
47653 
47654 
47655 
47656 
47657 
47658 
47659 
47660 
47661 
47662 
47663 
47664 
47665 
47666 
47667 
47668 
47669 
47670 
47671 
47672 
47673 
47674 
47675 
47676 
47677 
47678 
47679 
47880 
47881 
47882 
47883 
47884 
47885 
47886 
47887 
47888 
47889 
47890 
47891 
47892 
47893 
47894 
47895 
47896 
47897 
47898 
47899 
47900 
47901 
47902 
47903 
47904 
47905 
47906 
47907 
47908 
47909 
47910 
47911 
47912 
47913 
47914 
47915 
47916 
47917 
47918 
47919 
47920 
47921 
47922 
47923 
47924 
47925 
47926 
47927 
47928 
47929 
47930 
47931 
47932 
47933 
47934 
47935 
47936 
47937 
47938 
47939 
47940 
47941 
47942 
47943 
47944 
47945 
47946 
47947 
47948 
47949 
47950 
47951 
47952 
47953 
47954 
47955 
47956 
47957 
47958 
47959 
47960 
47961 
47962 
47963 
47964 
47965 
47966 
47967 
47968 
47969 
47970 
47971 
47972 
47973 
47974 
47975 
47976 
47977 
47978 
47979 
47980 
47981 
47982 
47983 
47984 
47985 
47986 
47987 
47988 
47989 
47990 
47991 
47992 
47993 
47994 
47995 
47996 
47997 
47998 
47999 
48000 
48001 
48002 
48003 
48004 
48005 
48006 
48007 
48008 
48009 
48010 
48011 
48012 
48013 
48014 
48015 
48016 
48017 
48018 
48019 
48020 
48021 
48022 
48023 
48024 
48025 
48026 
48027 
48028 
48029 
48030 
48031 
48032 
48033 
48034 
48035 
48036 
48037 
48038 
48039 
48040 
48041 
48042 
48043 
48044 
48045 
48046 
48047 
48048 
48049 
48050 
48051 
48052 
48053 
48054 
48055 
48056 
48057 
48058 
48059 
48060 
48061 
48062 
48063 
48064 
48065 
48066 
48067 
48068 
48069 
48070 
48071 
48072 
48073 
48074 
48075 
48076 
48077 
48078 
48079 
48280 
48281 
48282 
48283 
48284 
48285 
48286 
48287 
48288 
48289 
48290 
48291 
48292 
48293 
48294 
48295 
48296 
48297 
48298 
48299 
48300 
48301 
48302 
48303 
48304 
48305 
48306 
48307 
48308 
48309 
48310 
48311 
48312 
48313 
48314 
48315 
48316 
48317 
48318 
48319 
48320 
48321 
48322 
48323 
48324 
48325 
48326 
48327 
48328 
48329 
48330 
48331 
48332 
48333 
48334 
48335 
48336 
48337 
48338 
48339 
48340 
48341 
48342 
48343 
48344 
48345 
48346 
48347 
48348 
48349 
48350 
48351 
48352 
48353 
48354 
48355 
48356 
48357 
48358 
48359 
48360 
48361 
48362 
48363 
48364 
48365 
48366 
48367 
48368 
48369 
48370 
48371 
48372 
48373 
48374 
48375 
48376 
48377 
48378 
48379 
48380 
48381 
48382 
48383 
48384 
48385 
48386 
48387 
48388 
48389 
48390 
48391 
48392 
48393 
48394 
48395 
48396 
48397 
48398 
48399 
48400 
48401 
48402 
48403 
48404 
48405 
48406 
48407 
48408 
48409 
48410 
48411 
48412 
48413 
48414 
48415 
48416 
48417 
48418 
48419 
48420 
48421 
48422 
48423 
48424 
48425 
48426 
48427 
48428 
48429 
48430 
48431 
48432 
48433 
48434 
48435 
48436 
48437 
48438 
48439 
48440 
48441 
48442 
48443 
48444 
48445 
48446 
48447 
48448 
48449 
48450 
48451 
48452 
48453 
48454 
48455 
48456 
48457 
48458 
48459 
48460 
48461 
48462 
48463 
48464 
48465 
48466 
48467 
48468 
48469 
48470 
48471 
48472 
48473 
48474 
48475 
48476 
48477 
48478 
48479 
)

// ************************************************************************* //
